px	py	v	yaw_angle	yaw_rate	px_measured	py_measured	px_true	py_true	vx_true	vy_true	NIS	sensor
0.312243	0.58034	0	0	0	0.312243	0.58034	0.6	0.6	5.19994	0	6.92448e-310	L
0.312243	0.58034	1.73472e-18	0	6.07153e-18	0.862916	0.534212	0.859997	0.600045	5.19975	0.00179686	6.92448e-310	R
1.15507	0.483257	0.0837989	0	7.80626e-18	1.17385	0.481073	1.11998	0.600225	5.19943	0.00538996	0.728615	L
1.15789	0.483257	0.0837989	0	7.80626e-18	0.969149	0.397513	1.37996	0.600629	5.19898	0.0107781	6.92448e-310	R
1.45012	0.553214	0.997051	0.00938383	0.001792	1.65063	0.62469	1.6399	0.601347	5.19839	0.0179597	4.81526	L
1.4834	0.553528	0.997051	0.00947343	0.001792	1.62331	0.499091	1.89982	0.60247	5.19766	0.0269323	6.92448e-310	R
1.91129	0.590719	2.52823	0.103179	0.02731	2.18882	0.648739	2.1597	0.604086	5.19678	0.0376932	8.54439	L
1.9923	0.599174	2.52823	0.104545	0.02731	1.96701	0.557117	2.41954	0.606284	5.19573	0.0502389	6.92448e-310	R
2.44301	0.64188	3.5298	0.138006	0.0364314	2.65526	0.66598	2.67932	0.609155	5.1945	0.0645654	5.63232	L
2.56433	0.659083	3.5298	0.139828	0.0364314	2.92034	0.645898	2.93904	0.612786	5.19309	0.080668	6.92448e-310	R
2.88798	0.634706	3.94424	-0.011131	-0.0254154	3.01222	0.637046	3.19869	0.617267	5.19147	0.0985415	1.80599	L
3.06379	0.632893	3.94424	-0.0124018	-0.0254154	3.56096	0.485311	3.45825	0.622685	5.18963	0.11818	6.92448e-310	R
3.58262	0.375207	4.72577	-0.452261	-0.279639	3.89365	0.311793	3.71772	0.62913	5.18754	0.139576	9.95643	L
3.78617	0.274601	4.72577	-0.466243	-0.279639	4.19786	0.698311	3.97708	0.636689	5.18519	0.162724	6.92448e-310	R
4.17092	0.482431	4.9878	-0.0653678	0.258321	4.30935	0.578564	4.23632	0.645449	5.18256	0.187614	3.72166	L
4.41412	0.46794	4.9878	-0.0524517	0.258321	4.61908	0.68951	4.49542	0.655498	5.17962	0.214238	6.92448e-310	R
4.53785	0.746375	4.5749	0.249263	0.803445	4.35143	0.899174	4.75437	0.666921	5.17634	0.242587	5.52574	L
4.75403	0.805908	4.5749	0.289435	0.803445	5.20901	0.66599	5.01315	0.679804	5.1727	0.272649	6.92448e-310	R
5.20161	0.718376	5.11488	0.129806	0.278573	5.51894	0.648233	5.27175	0.694234	5.16867	0.304413	8.49954	L
5.45	0.752585	5.11488	0.143735	0.278573	5.22834	0.639362	5.53013	0.710295	5.16422	0.337868	6.92448e-310	R
5.83058	0.724957	5.39215	0.071087	0.0606044	6.022	0.708619	5.78828	0.728072	5.15932	0.372999	2.83051	L
6.09501	0.744314	5.39215	0.0741172	0.0606044	5.89392	0.373584	6.04618	0.747647	5.15393	0.409793	6.92448e-310	R
6.3467	0.886049	5.39802	0.194197	0.305402	6.34249	0.948833	6.30379	0.769103	5.14803	0.448233	0.517591	L
6.60776	0.939593	5.39802	0.209468	0.305402	6.62134	0.836138	6.5611	0.792523	5.14157	0.488305	6.92448e-310	R
6.84739	0.821871	5.30237	0.0770718	0.0255579	6.78214	0.714036	6.81808	0.817988	5.13452	0.52999	1.60222	L
7.10921	0.842374	5.30237	0.0783497	0.0255579	7.29121	0.630741	7.07469	0.845578	5.12685	0.573269	6.92448e-310	R
7.28606	0.92611	5.16341	0.135303	0.123108	7.13735	0.957217	7.3309	0.875373	5.11851	0.618123	1.67041	L
7.53991	0.961552	5.16341	0.141459	0.123108	8.08349	0.819605	7.58668	0.907449	5.10946	0.664531	6.92448e-310	R
7.80454	0.84023	5.14133	0.0329311	-0.0594973	7.80533	0.719126	7.84199	0.941886	5.09966	0.712469	1.50418	L
8.06004	0.84833	5.14133	0.0299562	-0.0594973	8.40453	0.884557	8.0968	0.978759	5.08907	0.761915	6.92448e-310	R
8.29363	0.848409	5.10189	0.0231885	-0.0653023	8.24796	0.840322	8.35106	1.01814	5.07766	0.812843	0.142198	L
8.54753	0.853926	5.10189	0.0199233	-0.0653023	8.45858	1.41118	8.60472	1.06011	5.06537	0.865226	6.92448e-310	R
8.78236	0.955849	5.08248	0.0779704	0.0181198	8.74615	1.04858	8.85775	1.10473	5.05216	0.919037	0.871537	L
9.03477	0.975712	5.08248	0.0788764	0.0181198	9.8809	1.1419	9.1101	1.15208	5.03798	0.974245	6.92448e-310	R
9.27691	1.02194	5.06856	0.0954209	0.0380316	9.25579	1.04913	9.36172	1.20223	5.0228	1.03082	0.0937676	L
9.52839	1.04627	5.06856	0.0973224	0.0380316	10.1016	1.52474	9.61255	1.25524	5.00656	1.08873	6.92448e-310	R
9.85807	1.24219	5.22825	0.190554	0.148707	10.0484	1.44598	9.86254	1.31118	4.98922	1.14794	5.66836	L
10.1139	1.29254	5.22825	0.19799	0.148707	10.5377	1.72555	10.1117	1.37011	4.97074	1.20841	6.92448e-310	R
10.3312	1.39762	5.17381	0.234932	0.18292	10.2492	1.45907	10.3598	1.4321	4.95106	1.2701	0.749635	L
10.582	1.45886	5.17381	0.244078	0.18292	10.9084	1.70343	10.6069	1.49721	4.93014	1.33298	6.92448e-310	R
10.8031	1.49449	5.11656	0.241649	0.170305	10.7313	1.45265	10.853	1.56549	4.90794	1.39701	0.451341	L
11.0507	1.55665	5.11656	0.250164	0.170305	11.4783	1.42876	11.0979	1.637	4.8844	1.46213	6.92448e-310	R
11.3848	1.61242	5.26245	0.247391	0.157246	11.587	1.61462	11.3416	1.71179	4.85948	1.52832	2.59808	L
11.6392	1.67774	5.26245	0.255254	0.157246	11.4763	1.53917	11.584	1.78992	4.83313	1.59551	6.92448e-310	R
11.8587	1.74779	5.20494	0.267489	0.162212	11.7788	1.74591	11.8251	1.87144	4.80531	1.66366	0.405743	L
12.109	1.81749	5.20494	0.2756	0.162212	12.136	2.14937	12.0647	1.95639	4.77598	1.73273	6.92448e-310	R
12.35	1.84893	5.17445	0.267041	0.144638	12.3226	1.78353	12.3029	2.04482	4.74508	1.80265	0.351188	L
12.599	1.91801	5.17445	0.274273	0.144638	12.5457	1.77728	12.5394	2.13677	4.71257	1.87338	6.92448e-310	R
12.7671	2.06439	5.07001	0.321859	0.187809	12.5924	2.17509	12.7743	2.23227	4.67842	1.94485	2.89551	L
13.0068	2.14559	5.07001	0.331249	0.187809	13.2198	2.6644	13.0075	2.33137	4.64258	2.01701	6.92448e-310	R
13.1947	2.29762	5.01585	0.375064	0.22464	13.0875	2.40708	13.2388	2.43409	4.605	2.08981	1.62114	L
13.4272	2.39068	5.01585	0.386296	0.22464	12.7087	3.12439	13.4682	2.54047	4.56565	2.16317	6.92448e-310	R
13.7093	2.53257	5.12435	0.41019	0.237681	13.836	2.62479	13.6955	2.65053	4.52448	2.23703	1.56574	L
13.9433	2.636	5.12435	0.422074	0.237681	13.8302	2.73893	13.9208	2.7643	4.48147	2.31134	6.92448e-310	R
14.1823	2.81238	5.17546	0.461672	0.267323	14.2106	2.94205	14.1439	2.88179	4.43656	2.38601	1.19509	L
14.4129	2.92904	5.17546	0.475038	0.267323	14.5568	2.87021	14.3646	3.00303	4.38974	2.46099	6.92448e-310	R
14.5904	3.00308	5.06226	0.478186	0.256892	14.4616	2.90734	14.583	3.12802	4.34097	2.5362	1.63354	L
14.8141	3.12084	5.06226	0.491031	0.256892	14.6754	3.96041	14.7989	3.25679	4.29021	2.61157	6.92448e-310	R
15.0269	3.33403	5.11265	0.542193	0.298479	15.0261	3.5067	15.0122	3.38932	4.23744	2.68703	2.03611	L
15.2446	3.46739	5.11265	0.557117	0.298479	15.3685	4.14761	15.2228	3.52563	4.18263	2.76249	6.92448e-310	R
15.474	3.68025	5.19326	0.599206	0.327783	15.5236	3.82936	15.4306	3.66572	4.12575	2.83789	1.63318	L
15.687	3.82825	5.19326	0.615595	0.327783	15.7234	3.4105	15.6355	3.80957	4.06678	2.91315	6.92448e-310	R
15.9215	3.98481	5.23456	0.628946	0.32415	15.9774	4.00094	15.8375	3.95719	4.00571	2.98817	0.214123	L
16.1316	4.14029	5.23456	0.645153	0.32415	16.3376	4.21632	16.0363	4.10854	3.94251	3.0629	6.92448e-310	R
16.3324	4.34932	5.27039	0.681492	0.346126	16.3313	4.44499	16.2319	4.26363	3.87716	3.13723	0.620651	L
16.5353	4.51687	5.27039	0.698798	0.346126	16.7586	4.48231	16.4242	4.42242	3.80966	3.21109	6.92448e-310	R
16.6944	4.68708	5.21028	0.72555	0.356978	16.6039	4.67344	16.613	4.5849	3.74	3.28438	0.537118	L
16.8875	4.86144	5.21028	0.743399	0.356978	16.9236	5.10119	16.7983	4.75103	3.66817	3.35704	6.92448e-310	R
17.0459	5.09983	5.22957	0.79031	0.388951	16.9955	5.21099	16.9799	4.92077	3.59416	3.42897	1.03227	L
17.2278	5.28716	5.22957	0.809758	0.388951	17.3421	4.64623	17.1579	5.09409	3.51797	3.50008	6.92448e-310	R
17.37	5.46758	5.16948	0.835445	0.396283	17.2894	5.43542	17.3319	5.27094	3.4396	3.57028	0.478394	L
17.5413	5.66072	5.16948	0.855259	0.396283	17.6463	4.74597	17.5019	5.45128	3.35907	3.63949	6.92448e-310	R
17.741	5.77797	5.11738	0.840479	0.358452	17.7853	5.62476	17.6679	5.63506	3.27637	3.70762	1.73353	L
17.9097	5.96985	5.11738	0.858401	0.358452	17.9216	6.07151	17.8297	5.82221	3.19151	3.77458	6.92448e-310	R
18.0915	6.16474	5.13803	0.871428	0.352922	18.1263	6.16985	17.9872	6.01269	3.10453	3.84027	0.0806044	L
18.2549	6.36253	5.13803	0.889075	0.352922	18.1245	6.79027	18.1402	6.20641	3.01542	3.90462	6.92448e-310	R
18.3469	6.60135	5.1048	0.939113	0.388854	18.2164	6.66138	18.2888	6.40332	2.92421	3.96753	1.41194	L
18.4954	6.80852	5.1048	0.958555	0.388854	18.4022	7.02231	18.4328	6.60333	2.83093	4.0289	6.92448e-310	R
18.6157	6.93836	4.97111	0.96282	0.372851	18.5422	6.76013	18.572	6.80638	2.7356	4.08867	2.36572	L
18.7556	7.14342	4.97111	0.981463	0.372851	18.8089	7.24388	18.7064	7.01237	2.63825	4.14672	6.92448e-310	R
18.9796	7.29025	4.98466	0.953932	0.321922	19.1441	7.18344	18.8359	7.22122	2.53893	4.20299	2.64155	L
19.122	7.49443	4.98466	0.970028	0.321922	18.5479	7.4012	18.9604	7.43283	2.43767	4.25737	6.92448e-310	R
19.1746	7.76117	4.97654	1.03191	0.372335	19.0138	7.8688	19.0798	7.64712	2.3345	4.3098	2.57046	L
19.3001	7.97562	4.97654	1.05053	0.372335	19.3089	7.67375	19.1939	7.86397	2.22949	4.36017	6.92448e-310	R
19.3272	8.18023	4.86421	1.09951	0.40623	19.132	8.12845	19.3028	8.08329	2.12266	4.40842	2.65881	L
19.4353	8.39775	4.86421	1.11982	0.40623	19.0239	8.17194	19.4062	8.30497	2.01409	4.45445	6.92448e-310	R
19.483	8.52587	4.67666	1.1388	0.405819	19.347	8.30741	19.5042	8.5289	1.90381	4.49819	4.16902	L
19.5786	8.73892	4.67666	1.15909	0.405819	19.6843	8.35902	19.5966	8.75494	1.7919	4.53956	6.92448e-310	R
19.7821	8.92671	4.73306	1.13023	0.351807	20.0039	8.8906	19.6835	8.983	1.67841	4.57848	3.3943	L
19.881	9.14135	4.73306	1.14782	0.351807	19.6061	9.48659	19.7645	9.21294	1.56341	4.61488	6.92448e-310	R
20.0342	9.38491	4.82311	1.14841	0.332834	20.1574	9.45949	19.8398	9.44463	1.44697	4.64869	1.33046	L
20.1311	9.60538	4.82311	1.16505	0.332834	19.6163	9.76606	19.9093	9.67795	1.32916	4.67984	6.92448e-310	R
20.2	9.85376	4.8453	1.19683	0.349231	20.1573	9.90876	19.9728	9.91275	1.21005	4.70826	0.325845	L
20.2864	10.0797	4.8453	1.21429	0.349231	19.1911	11.5493	20.0303	10.1489	1.08972	4.73389	6.92448e-310	R
20.2965	10.3608	4.87754	1.27154	0.392348	20.166	10.4687	20.0818	10.3863	0.968259	4.75666	1.95167	L
20.366	10.5942	4.87754	1.29116	0.392348	19.6775	10.803	20.1271	10.6247	0.845742	4.77652	6.92448e-310	R
20.4067	10.8852	4.95288	1.33066	0.413541	20.371	11.0109	20.1663	10.864	0.722256	4.7934	1.11112	L
20.463	11.126	4.95288	1.35134	0.413541	19.4335	12.3402	20.1993	11.1041	0.597892	4.80727	6.92448e-310	R
20.4461	11.3658	4.91011	1.4005	0.444703	20.3164	11.3483	20.2261	11.3449	0.472738	4.81807	1.15633	L
20.485	11.6078	4.91011	1.42273	0.444703	19.2063	12.2418	20.2466	11.5861	0.346889	4.82575	6.92448e-310	R
20.5503	11.8764	4.96877	1.43463	0.433066	20.6141	11.9422	20.2608	11.8275	0.220439	4.83027	0.538708	L
20.5813	12.1225	4.96877	1.45628	0.433066	19.966	11.9688	20.2687	12.0692	0.093487	4.83159	6.92448e-310	R
20.5066	12.4111	5.00012	1.5259	0.484816	20.3263	12.4966	20.2701	12.3108	-0.0338694	4.82968	2.73378	L
20.5148	12.6606	5.00012	1.55014	0.484816	20.0192	12.4823	20.2652	12.5522	-0.161529	4.82451	6.92448e-310	R
20.5104	12.9051	4.98951	1.57681	0.487547	20.498	12.8924	20.254	12.7933	-0.28939	4.81605	0.020509	L
20.5059	13.1542	4.98951	1.60119	0.487547	20.9151	12.2555	20.2363	13.0339	-0.417348	4.80428	6.92448e-310	R
20.3904	13.3364	4.8535	1.66822	0.535082	20.1943	13.1688	20.2122	13.2738	-0.545298	4.78918	4.36867	L
20.3636	13.5772	4.8535	1.69497	0.535082	19.858	13.5236	20.1818	13.5129	-0.673135	4.77072	6.92448e-310	R
20.3281	13.8385	4.89058	1.72323	0.536353	20.3245	13.8896	20.1449	13.7509	-0.800753	4.74892	0.165611	L
20.2878	14.0793	4.89058	1.75005	0.536353	20.3387	13.5307	20.1017	13.9878	-0.928043	4.72374	6.92448e-310	R
20.1992	14.3241	4.90174	1.7955	0.556482	20.1216	14.337	20.0521	14.2233	-1.0549	4.69521	0.422506	L
20.1413	14.5619	4.90174	1.82332	0.556482	19.6717	14.4038	19.9962	14.4573	-1.18121	4.66331	6.92448e-310	R
19.9732	14.7893	4.90377	1.89761	0.606984	19.781	14.773	19.934	14.6897	-1.30687	4.62805	2.54657	L
19.8911	15.02	4.90377	1.92796	0.606984	20.1149	14.0165	19.8655	14.9202	-1.43177	4.58944	6.92448e-310	R
19.8779	15.2374	4.8624	1.92553	0.571763	20.0208	15.2053	19.7908	15.1486	-1.55581	4.54751	1.45126	L
19.7903	15.4639	4.8624	1.95412	0.571763	20.0157	15.3443	19.7099	15.3749	-1.67887	4.50226	6.92448e-310	R
19.7699	15.6509	4.76897	1.95413	0.541598	19.9131	15.554	19.6229	15.5989	-1.80085	4.45372	1.95523	L
19.6778	15.8705	4.76897	1.98121	0.541598	19.9388	15.0864	19.5298	15.8203	-1.92164	4.40193	6.92448e-310	R
19.5426	16.0629	4.74628	2.02745	0.562577	19.4748	16.0098	19.4307	16.039	-2.04114	4.3469	0.499324	L
19.4351	16.2741	4.74628	2.05558	0.562577	19.1556	16.0022	19.3257	16.2549	-2.15925	4.28868	6.92448e-310	R
19.2897	16.4179	4.65931	2.1069	0.588351	19.238	16.2719	19.2148	16.4679	-2.27586	4.22731	1.55739	L
19.1679	16.6161	4.65931	2.13631	0.588351	19.4007	16.2962	19.0981	16.6777	-2.39087	4.16284	6.92448e-310	R
19.0283	16.8184	4.68038	2.16946	0.592214	19.0029	16.8387	18.9757	16.8841	-2.50418	4.0953	0.0675466	L
18.8937	17.0095	4.68038	2.19907	0.592214	18.8373	17.7112	18.8477	17.0872	-2.61571	4.02476	6.92448e-310	R
18.711	17.2502	4.79881	2.23526	0.59835	18.6148	17.3832	18.7142	17.2866	-2.72534	3.95127	1.69713	L
18.5604	17.4365	4.79881	2.26517	0.59835	18.8177	17.0316	18.5752	17.4822	-2.83299	3.87489	6.92448e-310	R
18.3021	17.5912	4.8511	2.34178	0.64831	18.1023	17.5529	18.4309	17.674	-2.93858	3.79568	2.79521	L
18.1306	17.7622	4.8511	2.3742	0.64831	18.2749	17.4877	18.2814	17.8617	-3.042	3.71372	6.92448e-310	R
18.0412	17.971	4.82345	2.3623	0.600738	18.2094	18.0461	18.1268	18.0453	-3.14318	3.62906	2.30731	L
17.8674	18.1377	4.82345	2.39234	0.600738	18.3021	17.498	17.9671	18.2246	-3.24204	3.5418	6.92448e-310	R
17.7563	18.2796	4.72165	2.40351	0.581291	17.9018	18.2183	17.8026	18.3994	-3.3385	3.45199	1.59725	L
17.5797	18.4356	4.72165	2.43257	0.581291	18.8558	18.1364	17.6334	18.5697	-3.43247	3.35973	6.92448e-310	R
17.3973	18.6233	4.77127	2.45102	0.569485	17.3845	18.7039	17.4595	18.7353	-3.5239	3.26509	0.428629	L
17.2115	18.7724	4.77127	2.47949	0.569485	17.7945	18.0801	17.281	18.8962	-3.61271	3.16817	6.92448e-310	R
17.0706	18.9109	4.70359	2.4936	0.554512	17.1762	18.8863	17.0983	19.0521	-3.69883	3.06904	0.758274	L
16.8814	19.0501	4.70359	2.52133	0.554512	16.9398	19.7311	16.9113	19.203	-3.78221	2.9678	6.92448e-310	R
16.6481	19.1382	4.70251	2.57684	0.584349	16.5734	19.052	16.7201	19.3488	-3.86278	2.86455	0.887456	L
16.4479	19.2609	4.70251	2.60606	0.584349	16.1674	20.2201	16.5251	19.4894	-3.9405	2.75938	6.92448e-310	R
16.2474	19.4552	4.7834	2.60714	0.553608	16.2338	19.6171	16.3262	19.6246	-4.01531	2.65237	1.72756	L
16.0402	19.574	4.7834	2.63482	0.553608	16.4366	18.2742	16.1237	19.7545	-4.08716	2.54364	6.92448e-310	R
15.8644	19.7497	4.79866	2.63016	0.518756	15.9243	19.8703	15.9176	19.8789	-4.15602	2.43329	1.23327	L
15.6539	19.8643	4.79866	2.6561	0.518756	16.2328	19.2166	15.7082	19.9978	-4.22185	2.32141	6.92448e-310	R
15.4439	20.0429	4.86115	2.65501	0.489351	15.4332	20.1836	15.4956	20.111	-4.28461	2.2081	1.31855	L
15.228	20.1538	4.86115	2.67948	0.489351	14.3677	21.3406	15.2799	20.2185	-4.34427	2.09347	6.92448e-310	R
15.074	20.3245	4.82383	2.66337	0.445861	15.2016	20.4385	15.0613	20.3203	-4.4008	1.97763	1.99901	L
14.8589	20.4329	4.82383	2.68567	0.445861	14.7476	19.9571	14.84	20.4162	-4.4542	1.86068	6.92448e-310	R
14.6511	20.5616	4.83096	2.69602	0.432984	14.6665	20.6088	14.6161	20.5063	-4.50443	1.74272	0.168809	L
14.4324	20.6631	4.83096	2.71766	0.432984	13.841	21.0031	14.3897	20.5904	-4.55149	1.62386	6.92448e-310	R
14.1581	20.6992	4.86337	2.77489	0.471185	14.0521	20.5924	14.1611	20.6686	-4.59537	1.50421	1.54666	L
13.9304	20.7836	4.86337	2.79845	0.471185	13.8232	20.859	13.9304	20.7408	-4.63606	1.38386	6.92448e-310	R
13.6265	20.8103	4.94133	2.85788	0.509524	13.4686	20.7253	13.6977	20.807	-4.67357	1.26294	2.14685	L
13.3888	20.8763	4.94133	2.88336	0.509524	13.8263	20.4261	13.4632	20.8671	-4.70789	1.14153	6.92448e-310	R
13.1344	20.8985	4.94085	2.92705	0.529204	13.1072	20.8294	13.2271	20.9211	-4.73904	1.01975	0.379112	L
12.8926	20.9478	4.94085	2.95351	0.529204	13.2669	21.1579	12.9895	20.969	-4.76702	0.897694	6.92448e-310	R
12.7181	21.0188	4.84343	2.95786	0.506024	12.8729	21.0592	12.7506	21.0108	-4.79186	0.775469	1.65818	L
12.4798	21.06	4.84343	2.98316	0.506024	11.5171	21.6724	12.5106	21.0465	-4.81358	0.653175	6.92448e-310	R
12.2306	21.0997	4.86252	3.00777	0.50513	12.2062	21.11	12.2695	21.0761	-4.83219	0.530912	0.0440674	L
11.9896	21.129	4.86252	3.03303	0.50513	12.3859	21.1066	12.0276	21.0996	-4.84773	0.408778	6.92448e-310	R
11.7242	21.0514	4.86314	3.10471	0.55542	11.6814	20.8651	11.785	21.117	-4.86022	0.286869	2.50361	L
11.4815	21.0569	4.86314	3.13248	0.55542	11.5265	20.6748	11.5418	21.1283	-4.86971	0.165281	6.92448e-310	R
11.2755	21.0616	4.80111	-3.12838	0.550053	11.363	21.0688	11.2982	21.1335	-4.87623	0.0441057	0.487458	L
11.0359	21.0551	4.80111	-3.10088	0.550053	10.5558	20.5567	11.0544	21.1327	-4.87982	-0.076565	6.92448e-310	R
10.8233	21.0026	4.74734	-3.05709	0.56818	10.8903	20.927	10.8105	21.1259	-4.88053	-0.196643	0.665793	L
10.5874	20.9792	4.74734	-3.02868	0.56818	9.30535	21.3896	10.5666	21.1131	-4.8784	-0.31604	6.92448e-310	R
10.3053	21.0389	4.83592	-3.03972	0.52467	10.189	21.209	10.3229	21.0943	-4.87349	-0.434674	2.8084	L
10.0655	21.0112	4.83592	-3.01348	0.52467	9.97958	21.2932	10.0795	21.0697	-4.86585	-0.552463	6.92448e-310	R
9.8763	20.9781	4.74837	-2.98766	0.524918	9.99634	20.9797	9.83658	21.0391	-4.85554	-0.669327	0.906515	L
9.64252	20.9387	4.74837	-2.96142	0.524918	9.38223	21.111	9.59422	21.0028	-4.84262	-0.785189	6.92448e-310	R
9.44793	20.8869	4.68243	-2.93148	0.529372	9.53921	20.8762	9.35258	20.9607	-4.82714	-0.899977	0.532593	L
9.21996	20.8352	4.68243	-2.90502	0.529372	9.63392	20.9724	9.11177	20.9128	-4.80919	-1.01362	6.92448e-310	R
8.90788	20.7943	4.82825	-2.89017	0.515849	8.70331	20.8221	8.87192	20.8594	-4.78881	-1.12605	2.69341	L
8.67519	20.7313	4.82825	-2.86438	0.515849	9.84634	20.009	8.63315	20.8003	-4.76608	-1.2372	6.92448e-310	R
8.38032	20.602	4.9562	-2.81578	0.53964	8.22277	20.4839	8.39557	20.7358	-4.74108	-1.34701	2.4881	L
8.14698	20.5196	4.9562	-2.7888	0.53964	8.29647	20.4978	8.1593	20.6657	-4.71387	-1.45542	6.92448e-310	R
7.90688	20.438	4.96909	-2.76577	0.535282	7.88599	20.45	7.92445	20.5903	-4.68453	-1.56237	0.0379501	L
7.67734	20.3439	4.96909	-2.739	0.535282	8.29081	20.6565	7.69111	20.5096	-4.65313	-1.66781	6.92448e-310	R
7.36772	20.2999	5.08163	-2.7463	0.497655	7.18029	20.392	7.45939	20.4237	-4.61975	-1.7717	2.85785	L
7.1348	20.1992	5.08163	-2.72141	0.497655	7.09214	20.1196	7.22939	20.3326	-4.58448	-1.87399	6.92448e-310	R
6.87607	20.1273	5.10984	-2.715	0.47747	6.81542	20.1859	7.00119	20.2364	-4.54738	-1.97462	0.48233	L
6.64508	20.019	5.10984	-2.69113	0.47747	6.89359	20.1536	6.7749	20.1352	-4.50854	-2.07357	6.92448e-310	R
6.40616	19.944	5.10321	-2.685	0.458267	6.38914	20.0137	6.55059	20.0292	-4.46805	-2.17079	0.356508	L
6.17876	19.8291	5.10321	-2.66208	0.458267	6.67637	20.2142	6.32834	19.9183	-4.42598	-2.26625	6.92448e-310	R
5.92311	19.7538	5.1228	-2.6625	0.432834	5.86119	19.8306	6.10823	19.8027	-4.38241	-2.35993	0.670793	L
5.69741	19.6335	5.1228	-2.64086	0.432834	5.28178	19.5036	5.89034	19.6824	-4.33744	-2.45178	6.92448e-310	R
5.53884	19.5265	5.00692	-2.61518	0.437701	5.69089	19.5755	5.67472	19.5577	-4.29114	-2.5418	1.60918	L
5.32407	19.3986	5.00692	-2.5933	0.437701	5.9506	18.9859	5.46145	19.4284	-4.24359	-2.62995	6.92448e-310	R
5.1257	19.3246	4.93972	-2.59181	0.415755	5.17021	19.4397	5.25059	19.2948	-4.19488	-2.71622	1.00312	L
4.91674	19.1936	4.93972	-2.57103	0.415755	5.87397	19.301	5.04219	19.157	-4.1451	-2.80059	6.92448e-310	R
4.76804	19.0277	4.87688	-2.52682	0.441534	4.89149	18.982	4.8363	19.015	-4.09432	-2.88305	1.14731	L
4.57068	18.8851	4.87688	-2.50475	0.441534	3.98679	19.0452	4.63297	18.8689	-4.04263	-2.96359	6.92448e-310	R
4.40255	18.7682	4.81086	-2.48836	0.435639	4.4685	18.834	4.43224	18.7188	-3.99012	-3.0422	0.549457	L
4.21339	18.6202	4.81086	-2.46657	0.435639	4.69245	18.4634	4.23416	18.5648	-3.93685	-3.11888	6.92448e-310	R
4.1	18.4666	4.70623	-2.42706	0.455525	4.26269	18.481	4.03876	18.4071	-3.88293	-3.19362	1.70856	L
3.92425	18.3106	4.70623	-2.40429	0.455525	3.42434	18.8357	3.84606	18.2457	-3.82841	-3.26644	6.92448e-310	R
3.66078	18.1631	4.82299	-2.40954	0.42429	3.45919	18.167	3.65611	18.0807	-3.77339	-3.33732	2.62763	L
3.48338	18.0003	4.82299	-2.38832	0.42429	4.3011	17.9267	3.46891	17.9122	-3.71795	-3.40627	6.92448e-310	R
3.25397	17.8107	4.92435	-2.37407	0.416125	3.12525	17.7493	3.28449	17.7402	-3.66215	-3.47331	1.28448	L
3.07882	17.6382	4.92435	-2.35327	0.416125	2.65664	17.888	3.10287	17.565	-3.60609	-3.53844	6.92448e-310	R
2.90947	17.5769	4.79168	-2.37159	0.374157	2.9449	17.8154	2.92405	17.3866	-3.54982	-3.60167	3.80435	L
2.73928	17.4087	4.79168	-2.35288	0.374157	3.26647	17.0897	2.74805	17.2051	-3.49344	-3.66302	6.92448e-310	R
2.57072	17.1883	4.85103	-2.31798	0.391512	2.55407	17.0853	2.57486	17.0205	-3.437	-3.72251	0.709506	L
2.40787	17.009	4.85103	-2.29841	0.391512	2.55039	16.8884	2.4045	16.833	-3.38059	-3.78014	6.92448e-310	R
2.25004	16.8287	4.84668	-2.27907	0.39127	2.25371	16.8334	2.23695	16.6427	-3.32428	-3.83595	0.00228798	L
2.09443	16.6433	4.84668	-2.25951	0.39127	1.57735	16.0489	2.07221	16.4497	-3.26812	-3.88995	6.92448e-310	R
1.93553	16.3435	4.99503	-2.20681	0.426515	1.88972	16.1054	1.91027	16.254	-3.21219	-3.94216	3.80845	L
1.78954	16.1413	4.99503	-2.18548	0.426515	1.74362	16.2687	1.75112	16.0557	-3.15656	-3.99261	6.92448e-310	R
1.57778	15.9901	5.00548	-2.20368	0.383608	1.44745	16.0853	1.59474	15.8549	-3.10129	-4.04132	1.79254	L
1.4319	15.7872	5.00548	-2.1845	0.383608	1.6097	15.5526	1.44111	15.6517	-3.04644	-4.08832	6.92448e-310	R
1.25965	15.5358	5.10105	-2.16248	0.386196	1.18395	15.4284	1.29021	15.4463	-2.99207	-4.13364	1.08742	L
1.11964	15.323	5.10105	-2.14317	0.386196	0.828993	15.528	1.14201	15.2386	-2.93825	-4.1773	6.92448e-310	R
0.899655	15.0839	5.22356	-2.14666	0.360818	0.722706	15.0075	0.996486	15.0288	-2.88503	-4.21933	2.39316	L
0.759607	14.8639	5.22356	-2.12862	0.360818	1.03147	15.2134	0.853604	14.8169	-2.83246	-4.25977	6.92448e-310	R
0.660011	14.6579	5.16293	-2.10201	0.370416	0.737301	14.7047	0.71333	14.603	-2.78061	-4.29864	0.522448	L
0.531484	14.4344	5.16293	-2.08349	0.370416	0.722177	14.2445	0.575628	14.3872	-2.72952	-4.33598	6.92448e-310	R
0.354996	14.2117	5.20931	-2.08439	0.349023	0.253435	14.2029	0.440459	14.1696	-2.67925	-4.37181	0.696084	L
0.229183	13.984	5.20931	-2.06694	0.349023	-0.0328023	13.9604	0.307779	13.9502	-2.62984	-4.40617	6.92448e-310	R
0.229966	13.7217	5.14324	-1.99745	0.406202	0.459172	13.6856	0.177545	13.7292	-2.58135	-4.43909	3.69398	L
0.126071	13.4869	5.14324	-1.97714	0.406202	0.0524412	13.6377	0.0497099	13.5065	-2.53381	-4.47061	6.92448e-310	R
-0.048676	13.2673	5.18205	-1.98872	0.371052	-0.190344	13.2856	-0.0757753	13.2823	-2.48728	-4.50075	1.39729	L
-0.151495	13.0298	5.18205	-1.97017	0.371052	-0.275043	13.1456	-0.198962	13.0566	-2.44179	-4.52955	6.92448e-310	R
-0.151514	12.8256	5.04831	-1.92143	0.404938	0.0462308	12.9301	-0.319903	12.8295	-2.39739	-4.55704	3.25054	L
-0.235696	12.588	5.04831	-1.90118	0.404938	-0.684792	12.3563	-0.438654	12.6011	-2.35412	-4.58326	6.92448e-310	R
-0.371033	12.3572	5.07628	-1.90425	0.379129	-0.476482	12.3633	-0.555273	12.3714	-2.31202	-4.60823	0.76062	L
-0.451721	12.1169	5.07628	-1.88529	0.379129	-0.972122	12.5207	-0.669818	12.1404	-2.27111	-4.63198	6.92448e-310	R
-0.550455	11.9261	5.00953	-1.88404	0.360013	-0.582624	12.0386	-0.78235	11.9083	-2.23144	-4.65456	0.895479	L
-0.625386	11.6874	5.00953	-1.86604	0.360013	-1.26757	11.6495	-0.892931	11.6751	-2.19304	-4.67598	6.92448e-310	R
-0.859601	11.4426	5.12034	-1.91326	0.287639	-1.17212	11.3988	-1.00163	11.4409	-2.15594	-4.69628	6.70818	L
-0.943719	11.2012	5.12034	-1.89887	0.287639	-0.891441	10.959	-1.1085	11.2057	-2.12017	-4.71549	6.92448e-310	R
-1.15431	10.9916	5.14526	-1.94232	0.223804	-1.39289	11.0424	-1.21362	10.9695	-2.08575	-4.73364	4.09694	L
-1.24624	10.7517	5.14526	-1.93113	0.223804	-1.29894	10.9012	-1.31706	10.7324	-2.05273	-4.75075	6.92448e-310	R
-1.38993	10.4866	5.21803	-1.93832	0.20351	-1.49687	10.4198	-1.41889	10.4945	-2.02111	-4.76686	1.03738	L
-1.4823	10.243	5.21803	-1.92814	0.20351	-1.59293	10.0212	-1.51917	10.2559	-1.99093	-4.78198	6.92448e-310	R
-1.5938	10.0721	5.11075	-1.93796	0.181379	-1.61875	10.2374	-1.61797	10.0165	-1.96221	-4.79615	1.80603	L
-1.68432	9.8335	5.11075	-1.92889	0.181379	-1.59702	9.96554	-1.71539	9.77637	-1.93498	-4.80939	6.92448e-310	R
-1.76162	9.62955	5.04614	-1.92078	0.180241	-1.73381	9.71347	-1.81147	9.53564	-1.90924	-4.82172	0.493133	L
-1.84694	9.39246	5.04614	-1.91177	0.180241	-2.27191	9.37316	-1.90631	9.29431	-1.88502	-4.83316	6.92448e-310	R
-1.92498	9.03823	5.23368	-1.88309	0.202044	-1.93833	8.77028	-1.99998	9.05243	-1.86233	-4.84374	4.58221	L
-2.00401	8.78912	5.23368	-1.87298	0.202044	-1.96565	9.13274	-2.09256	8.81003	-1.8412	-4.85347	6.92448e-310	R
-2.11445	8.54184	5.24898	-1.87701	0.186466	-2.1768	8.5411	-2.18412	8.56717	-1.82164	-4.86238	0.266809	L
-2.19229	8.29156	5.24898	-1.86769	0.186466	-2.65862	8.19477	-2.27474	8.32388	-1.80365	-4.87047	6.92448e-310	R
-2.25275	8.07371	5.18597	-1.85687	0.188179	-2.21875	8.15339	-2.3645	8.0802	-1.78726	-4.87778	0.473462	L
-2.32466	7.82494	5.18597	-1.84746	0.188179	-2.273	8.52315	-2.45348	7.83617	-1.77248	-4.8843	6.92448e-310	R
-2.46642	7.58777	5.20408	-1.86907	0.15392	-2.59674	7.60288	-2.54177	7.59184	-1.75931	-4.89006	1.19146	L
-2.54183	7.33909	5.20408	-1.86138	0.15392	-3.08256	7.38874	-2.62944	7.34723	-1.74777	-4.89507	6.92448e-310	R
-2.67973	7.08561	5.24483	-1.87936	0.125505	-2.79865	7.064	-2.71658	7.10238	-1.73786	-4.89933	0.993915	L
-2.75848	6.83583	5.24483	-1.87309	0.125505	-2.79412	7.20818	-2.80326	6.85734	-1.72958	-4.90286	6.92448e-310	R
-2.80949	6.66922	5.09215	-1.86692	0.125486	-2.74651	6.86867	-2.88957	6.61214	-1.72295	-4.90566	2.75868	L
-2.88293	6.42578	5.09215	-1.86065	0.125486	-2.57673	6.36755	-2.97559	6.36681	-1.71797	-4.90774	6.92448e-310	R
-2.93714	6.19541	5.06061	-1.84887	0.131582	-2.90217	6.22989	-3.0614	6.12139	-1.71464	-4.90911	0.155345	L
-3.00571	5.95218	5.06061	-1.84229	0.131582	-3.50172	6.10796	-3.14709	5.87592	-1.71297	-4.90976	6.92448e-310	R
-3.1065	5.65701	5.1636	-1.84322	0.12321	-3.1778	5.53101	-3.23274	5.63043	-1.71295	-4.9097	1.3275	L
-3.17511	5.40846	5.1636	-1.83706	0.12321	-3.19736	5.19093	-3.31843	5.38496	-1.71458	-4.90893	6.92448e-310	R
-3.30748	5.14638	5.2175	-1.85621	0.0951701	-3.43031	5.10507	-3.40424	5.13955	-1.71787	-4.90745	1.1271	L
-3.38024	4.89621	5.2175	-1.85146	0.0951701	-3.4281	4.94644	-3.49026	4.89422	-1.72281	-4.90525	6.92448e-310	R
-3.53543	4.61278	5.31337	-1.87719	0.0613795	-3.69435	4.52196	-3.57657	4.64902	-1.72939	-4.90233	2.21288	L
-3.61507	4.35969	5.31337	-1.87412	0.0613795	-3.50501	4.17643	-3.66325	4.40398	-1.73763	-4.89868	6.92448e-310	R
-3.80263	4.09418	5.38781	-1.91411	0.0136977	-4.00238	4.04684	-3.75039	4.15913	-1.74749	-4.8943	2.86394	L
-3.8931	3.84081	5.38781	-1.91342	0.0136977	-4.06447	4.10977	-3.83806	3.91452	-1.75899	-4.88918	6.92448e-310	R
-3.9499	3.63493	5.29131	-1.90522	0.0218622	-3.88053	3.75177	-3.92635	3.67019	-1.77212	-4.8833	1.17055	L
-4.03649	3.38529	5.29131	-1.90413	0.0218622	-4.23729	3.88878	-4.01533	3.42616	-1.78686	-4.87666	6.92448e-310	R
-4.13464	3.16158	5.25465	-1.91119	0.0127412	-4.15119	3.21968	-4.10509	3.18248	-1.8032	-4.86925	0.237998	L
-4.22216	2.91421	5.25465	-1.91056	0.0127412	-4.27467	2.88187	-4.19571	2.93919	-1.82113	-4.86104	6.92448e-310	R
-4.31247	2.63195	5.31396	-1.90645	0.0166968	-4.32451	2.55034	-4.28727	2.69633	-1.84065	-4.85202	0.430562	L
-4.39977	2.38136	5.31396	-1.90562	0.0166968	-4.38481	2.39989	-4.37985	2.45393	-1.86173	-4.84218	6.92448e-310	R
-4.53059	2.12159	5.35348	-1.92103	-0.00129483	-4.61223	2.09192	-4.47352	2.21205	-1.88436	-4.83149	0.506188	L
-4.62232	1.87049	5.35348	-1.9211	-0.00129483	-4.29257	1.92854	-4.56836	1.97072	-1.90853	-4.81994	6.92448e-310	R
-4.76709	1.59697	5.42073	-1.93917	-0.0212391	-4.86829	1.53442	-4.66444	1.72998	-1.93422	-4.80751	0.930121	L
-4.8647	1.34449	5.42073	-1.94024	-0.0212391	-4.98165	1.43611	-4.76186	1.48989	-1.9614	-4.79417	6.92448e-310	R
-4.86186	1.14454	5.27553	-1.90891	0.0146343	-4.66779	1.28643	-4.86066	1.25049	-1.99007	-4.7799	3.76748	L
-4.94915	0.895981	5.27553	-1.90818	0.0146343	-4.98594	1.10894	-4.96095	1.01182	-2.02019	-4.76468	6.92448e-310	R
-4.97578	0.697533	5.15784	-1.89059	0.0333523	-4.85498	0.825661	-5.06277	0.77393	-2.05174	-4.74848	1.98831	L
-5.05655	0.452957	5.15784	-1.88892	0.0333523	-4.84736	0.18101	-5.16621	0.536876	-2.08471	-4.73127	6.92448e-310	R
-5.13301	0.222833	5.13169	-1.88772	0.032847	-5.1231	0.257311	-5.27133	0.300706	-2.11906	-4.71303	0.081188	L
-5.21267	-0.0207296	5.13169	-1.88608	0.032847	-5.99809	-0.290765	-5.3782	0.0654719	-2.15477	-4.69374	6.92448e-310	R
-5.29562	-0.248723	5.10797	-1.88806	0.0288429	-5.29972	-0.212982	-5.4869	-0.168772	-2.1918	-4.67335	0.0830594	L
-5.37502	-0.491123	5.10797	-1.88662	0.0288429	-5.64447	-0.144522	-5.59748	-0.401971	-2.23014	-4.65185	6.92448e-310	R
-5.59878	-0.639589	5.0336	-1.95641	-0.0502205	-5.85359	-0.445801	-5.71001	-0.634069	-2.26974	-4.62919	7.00317	L
-5.69362	-0.872368	5.0336	-1.95892	-0.0502205	-5.30947	-0.724468	-5.82456	-0.865006	-2.31058	-4.60536	6.92448e-310	R
-5.81697	-1.15263	5.12841	-1.96586	-0.0550578	-5.87835	-1.26863	-5.94118	-1.09472	-2.35262	-4.58032	1.0881	L
-5.91585	-1.38885	5.12841	-1.96862	-0.0550578	-5.68069	-1.52871	-6.05993	-1.32316	-2.39581	-4.55404	6.92448e-310	R
-6.10702	-1.58477	5.11961	-2.01439	-0.102776	-6.27263	-1.50938	-6.18087	-1.55025	-2.44014	-4.52648	2.28031	L
-6.21733	-1.81539	5.11961	-2.01952	-0.102776	-6.11355	-1.75966	-6.30406	-1.77593	-2.48555	-4.49762	6.92448e-310	R
-6.33076	-2.07292	5.16535	-2.021	-0.098568	-6.34007	-2.13685	-6.42954	-2.00014	-2.532	-4.46742	0.264472	L
-6.44358	-2.30487	5.16535	-2.02593	-0.098568	-6.99344	-2.17445	-6.55738	-2.22281	-2.57946	-4.43585	6.92448e-310	R
-6.64134	-2.5033	5.17063	-2.06975	-0.141579	-6.79288	-2.4458	-6.68761	-2.44386	-2.62788	-4.40288	1.81625	L
-6.76569	-2.72957	5.17063	-2.07682	-0.141579	-7.14408	-2.67584	-6.82029	-2.66323	-2.6772	-4.36847	6.92448e-310	R
-6.85638	-3.00185	5.21876	-2.0616	-0.116712	-6.8003	-3.10086	-6.95546	-2.88084	-2.7274	-4.3326	0.86984	L
-6.97987	-3.23132	5.21876	-2.06744	-0.116712	-7.13937	-3.22028	-7.09316	-3.09663	-2.7784	-4.29523	6.92448e-310	R
-7.11545	-3.39942	5.13205	-2.08883	-0.134233	-7.12118	-3.26434	-7.23344	-3.3105	-2.83017	-4.25632	1.17902	L
-7.24309	-3.62163	5.13205	-2.09554	-0.134233	-7.77186	-4.08999	-7.37632	-3.5224	-2.88265	-4.21586	6.92448e-310	R
-7.42212	-3.73125	4.99884	-2.14322	-0.179897	-7.49009	-3.49081	-7.52184	-3.73223	-2.93579	-4.1738	4.1191	L
-7.55827	-3.94047	4.99884	-2.15221	-0.179897	-7.52393	-3.88213	-7.67004	-3.93992	-2.98953	-4.13012	6.92448e-310	R
-7.75526	-4.18983	5.1121	-2.17488	-0.194465	-7.88049	-4.29783	-7.82094	-4.14538	-3.04381	-4.08479	1.74244	L
-7.90128	-4.39922	5.1121	-2.1846	-0.194465	-8.08524	-4.57834	-7.97457	-4.34854	-3.09857	-4.03778	6.92448e-310	R
-8.10379	-4.66175	5.24281	-2.20257	-0.202933	-8.22492	-4.79812	-8.13095	-4.5493	-3.15376	-3.98906	2.10318	L
-8.25947	-4.87222	5.24281	-2.21271	-0.202933	-8.453	-4.95621	-8.2901	-4.74759	-3.2093	-3.93862	6.92448e-310	R
-8.38874	-5.09123	5.23081	-2.21014	-0.188958	-8.33552	-5.1059	-8.45204	-4.94331	-3.26514	-3.88641	0.209507	L
-8.54558	-5.3001	5.23081	-2.21959	-0.188958	-8.55062	-4.79248	-8.61678	-5.13637	-3.32121	-3.83242	6.92448e-310	R
-8.77551	-5.50422	5.29588	-2.25521	-0.217595	-8.91477	-5.51752	-8.78433	-5.32669	-3.37745	-3.77663	1.30835	L
-8.94381	-5.7082	5.29588	-2.26609	-0.217595	-9.04115	-5.69364	-8.95469	-5.51417	-3.43377	-3.71901	6.92448e-310	R
-9.09049	-5.87867	5.22676	-2.27653	-0.217399	-9.03391	-5.80267	-9.12788	-5.69872	-3.49012	-3.65955	0.565674	L
-9.26085	-6.0764	5.22676	-2.2874	-0.217399	-8.86897	-5.41973	-9.30388	-5.88026	-3.54643	-3.59823	6.92448e-310	R
-9.40553	-6.13314	5.00442	-2.32454	-0.247358	-9.30811	-5.82368	-9.4827	-6.05868	-3.60261	-3.53503	6.7113	L
-9.57768	-6.31428	5.00442	-2.33691	-0.247358	-9.80646	-6.41174	-9.66432	-6.23389	-3.6586	-3.46994	6.92448e-310	R
-9.70802	-6.51823	4.98935	-2.32789	-0.223842	-9.62547	-6.55958	-9.84874	-6.4058	-3.71431	-3.40295	0.586148	L
-9.88015	-6.69836	4.98935	-2.33908	-0.223842	-10.6688	-6.35543	-10.0359	-6.57431	-3.76969	-3.33404	6.92448e-310	R
-10.1115	-6.85798	5.03023	-2.37424	-0.250092	-10.2246	-6.83402	-10.2259	-6.73933	-3.82463	-3.26321	0.901147	L
-10.2934	-7.03122	5.03023	-2.38674	-0.250092	-10.2205	-6.71044	-10.4186	-6.90075	-3.87907	-3.19046	6.92448e-310	R
-10.5677	-7.22255	5.16328	-2.4223	-0.27495	-10.7616	-7.29159	-10.614	-7.05849	-3.93293	-3.11577	2.72431	L
-10.7628	-7.39108	5.16328	-2.43605	-0.27495	-10.8944	-6.83335	-10.8121	-7.21245	-3.98613	-3.03916	6.92448e-310	R
-11.045	-7.55306	5.26293	-2.47729	-0.304836	-11.2219	-7.56979	-11.0128	-7.36252	-4.03859	-2.96062	2.06713	L
-11.2532	-7.71349	5.26293	-2.49253	-0.304836	-10.986	-7.3707	-11.2161	-7.50862	-4.09021	-2.88015	6.92448e-310	R
-11.3498	-7.81919	5.05564	-2.4902	-0.286585	-11.0934	-7.6776	-11.422	-7.65064	-4.14093	-2.79777	5.43441	L
-11.5517	-7.9708	5.05564	-2.50453	-0.286585	-11.4213	-7.46085	-11.6304	-7.78849	-4.19066	-2.71349	6.92448e-310	R
-11.6913	-8.02838	4.86636	-2.53001	-0.299897	-11.5269	-7.8215	-11.8413	-7.92208	-4.23932	-2.6273	4.41198	L
-11.8913	-8.16641	4.86636	-2.545	-0.299897	-11.9422	-7.88317	-12.0546	-8.05131	-4.28682	-2.53924	6.92448e-310	R
-12.0984	-8.23141	4.79638	-2.58493	-0.327643	-12.09	-8.08828	-12.2702	-8.17609	-4.33309	-2.44932	1.35679	L
-12.3028	-8.35628	4.79638	-2.60131	-0.327643	-12.4462	-8.02117	-12.4881	-8.29633	-4.37802	-2.35756	6.92448e-310	R
-12.4878	-8.40845	4.69426	-2.63635	-0.348641	-12.4231	-8.2599	-12.7082	-8.41193	-4.42156	-2.26399	1.68553	L
-12.6939	-8.5201	4.69426	-2.65378	-0.348641	-12.7461	-8.19449	-12.9304	-8.5228	-4.4636	-2.16863	6.92448e-310	R
-13.0224	-8.62464	4.86571	-2.70284	-0.382153	-13.2911	-8.64594	-13.1547	-8.62886	-4.50407	-2.07151	4.66546	L
-13.2433	-8.72574	4.86571	-2.72194	-0.382153	-13.7929	-8.47158	-13.381	-8.73002	-4.54289	-1.97267	6.92448e-310	R
-13.4466	-8.74263	4.76438	-2.76695	-0.411143	-13.384	-8.57583	-13.6092	-8.82619	-4.57997	-1.87214	2.05759	L
-13.6689	-8.82739	4.76438	-2.7875	-0.411143	-13.6376	-8.26344	-13.8392	-8.91729	-4.61524	-1.76997	6.92448e-310	R
-13.9224	-8.93369	4.83163	-2.80406	-0.406266	-13.9959	-8.99264	-14.0709	-9.00324	-4.64861	-1.6662	0.559634	L
-14.1509	-9.01126	4.83163	-2.82437	-0.406266	-14.4737	-8.79552	-14.3043	-9.08395	-4.68001	-1.56086	6.92448e-310	R
-14.3927	-9.11806	4.87564	-2.83319	-0.39342	-14.4273	-9.1875	-14.5391	-9.15936	-4.70936	-1.45402	0.390388	L
-14.6253	-9.18967	4.87564	-2.85286	-0.39342	-14.5757	-9.32634	-14.7754	-9.22939	-4.73658	-1.34573	6.92448e-310	R
-14.925	-9.17986	4.93077	-2.91602	-0.440294	-15.062	-9.04396	-15.013	-9.29397	-4.76161	-1.23603	2.51954	L
-15.1655	-9.23228	4.93077	-2.93804	-0.440294	-15.6189	-9.69365	-15.2517	-9.35302	-4.78436	-1.125	6.92448e-310	R
-15.4801	-9.37409	5.10616	-2.93106	-0.407518	-15.6682	-9.56749	-15.4916	-9.40649	-4.80476	-1.01269	4.65987	L
-15.7299	-9.42482	5.10616	-2.95143	-0.407518	-15.9382	-9.35751	-15.7324	-9.45431	-4.82275	-0.899159	6.92448e-310	R
-16.01	-9.51349	5.17695	-2.95733	-0.39131	-16.0862	-9.59819	-15.9741	-9.49642	-4.83827	-0.784484	0.838228	L
-16.2646	-9.55836	5.17695	-2.97689	-0.39131	-16.6033	-8.85459	-16.2164	-9.53277	-4.85124	-0.668734	6.92448e-310	R
-16.4947	-9.51856	5.09952	-3.02756	-0.425578	-16.4229	-9.37029	-16.4594	-9.5633	-4.8616	-0.55198	1.81207	L
-16.748	-9.54483	5.09952	-3.04884	-0.425578	-16.011	-9.33486	-16.7027	-9.58797	-4.8693	-0.434301	6.92448e-310	R
-17.0367	-9.51579	5.14194	-3.09477	-0.452124	-17.1132	-9.43043	-16.9464	-9.60673	-4.87427	-0.315773	0.892097	L
-17.2933	-9.5249	5.14194	-3.11737	-0.452124	-16.9255	-10.8571	-17.1903	-9.61954	-4.87646	-0.196479	6.92448e-310	R
-17.5479	-9.54498	5.1428	-3.13263	-0.444111	-17.5448	-9.57485	-17.4342	-9.62636	-4.87583	-0.0765024	0.0626252	L
-17.8047	-9.54443	5.1428	3.12835	-0.444111	-18.1371	-9.39146	-17.6781	-9.62717	-4.87232	0.0440703	6.92448e-310	R
-18.036	-9.49751	5.09152	3.08987	-0.46224	-17.9724	-9.42299	-17.9216	-9.62194	-4.86588	0.165151	0.633006	L
-18.2898	-9.48143	5.09152	3.06676	-0.46224	-18.3083	-9.18778	-18.1648	-9.61064	-4.85648	0.286648	6.92448e-310	R
-18.464	-9.51434	4.95772	3.06942	-0.435014	-18.2763	-9.60997	-18.4074	-9.59325	-4.84408	0.40847	2.86517	L
-18.7107	-9.4938	4.95772	3.04767	-0.435014	-18.2443	-9.58547	-18.6493	-9.56977	-4.82864	0.530522	6.92448e-310	R
-18.9561	-9.48475	4.95653	3.03324	-0.427008	-18.9545	-9.51544	-18.8904	-9.54017	-4.81012	0.652707	0.0650241	L
-19.2018	-9.45535	4.95653	3.01189	-0.427008	-18.6983	-9.02886	-19.1305	-9.50447	-4.78851	0.774927	6.92448e-310	R
-19.4028	-9.30706	4.88669	2.9405	-0.482237	-19.2983	-9.09865	-19.3694	-9.46265	-4.76378	0.897083	3.67314	L
-19.6413	-9.25543	4.88669	2.91639	-0.482237	-19.7037	-8.79906	-19.6069	-9.41472	-4.73591	1.01907	6.92448e-310	R
-19.8759	-9.11628	4.89559	2.85636	-0.521523	-19.8731	-8.96417	-19.8431	-9.36071	-4.70487	1.1408	1.58201	L
-20.1096	-9.04444	4.89559	2.83028	-0.521523	-20.3815	-7.6755	-20.0775	-9.30061	-4.67066	1.26215	6.92448e-310	R
-20.2929	-9.18421	4.75174	2.89645	-0.421628	-20.1607	-9.59663	-20.3102	-9.23446	-4.63328	1.38303	12.6095	L
-20.5224	-9.1242	4.75174	2.87537	-0.421628	-20.4587	-9.7448	-20.5409	-9.16227	-4.59271	1.50334	6.92448e-310	R
-20.7225	-9.00879	4.7201	2.82985	-0.448524	-20.6596	-8.91527	-20.7696	-9.08409	-4.54895	1.62296	0.853424	L
-20.9459	-8.93398	4.7201	2.80742	-0.448524	-21.5568	-8.5005	-20.9959	-8.99994	-4.50202	1.74179	6.92448e-310	R
-21.1237	-8.85147	4.64633	2.77946	-0.454979	-21.0195	-8.85081	-21.2198	-8.90987	-4.45191	1.85972	0.685931	L
-21.3397	-8.76682	4.64633	2.75671	-0.454979	-21.8628	-8.64129	-21.4412	-8.81393	-4.39865	1.97666	6.92448e-310	R
-21.541	-8.74302	4.59316	2.7612	-0.425705	-21.5029	-8.87191	-21.6597	-8.71217	-4.34224	2.0925	1.20098	L
-21.753	-8.6556	4.59316	2.73991	-0.425705	-21.9514	-7.41274	-21.8754	-8.60465	-4.2827	2.20712	6.92448e-310	R
-21.968	-8.56636	4.59998	2.72046	-0.423688	-21.9793	-8.57089	-22.0881	-8.49143	-4.22007	2.32043	0.00966782	L
-22.1766	-8.47026	4.59998	2.69927	-0.423688	-22.1914	-7.70392	-22.2975	-8.37258	-4.15437	2.43232	6.92448e-310	R
-22.4429	-8.36709	4.69993	2.68615	-0.414541	-22.5838	-8.35296	-22.5035	-8.24817	-4.08564	2.5427	1.26746	L
-22.6526	-8.26169	4.69993	2.66542	-0.414541	-22.3177	-8.57758	-22.7061	-8.11829	-4.01391	2.65145	6.92448e-310	R
-22.8897	-7.99164	4.85494	2.58109	-0.482325	-22.9861	-7.6724	-22.9049	-7.98301	-3.93923	2.75848	7.34529	L
-23.0934	-7.86032	4.85494	2.55697	-0.482325	-23.2693	-8.32031	-23.1	-7.84243	-3.86163	2.8637	6.92448e-310	R
-23.3463	-7.67431	4.97561	2.52226	-0.492972	-23.4777	-7.56583	-23.2911	-7.69663	-3.78118	2.967	1.83717	L
-23.5468	-7.52762	4.97561	2.49761	-0.492972	-23.473	-7.02103	-23.4781	-7.54572	-3.69792	3.06828	6.92448e-310	R
-23.6808	-7.36564	4.8886	2.45525	-0.512724	-23.5408	-7.36069	-23.6609	-7.3898	-3.61191	3.16746	1.26579	L
-23.8676	-7.20855	4.8886	2.42961	-0.512724	-24.0505	-6.56968	-23.8393	-7.22897	-3.52321	3.26445	6.92448e-310	R
-24.0215	-7.11614	4.78033	2.42383	-0.492263	-23.9384	-7.26171	-24.0132	-7.06336	-3.43189	3.35916	1.80444	L
-24.1994	-6.95696	4.78033	2.39921	-0.492263	-24.3577	-5.94086	-24.1825	-6.89307	-3.33801	3.45149	6.92448e-310	R
-24.327	-6.67088	4.83985	2.3172	-0.553468	-24.2574	-6.4352	-24.347	-6.71823	-3.24166	3.54138	4.11151	L
-24.4886	-6.49122	4.83985	2.28953	-0.553468	-24.788	-7.18367	-24.5066	-6.53896	-3.14289	3.62873	6.92448e-310	R
-24.5402	-6.34026	4.66066	2.2439	-0.574433	-24.3008	-6.43799	-24.6612	-6.35538	-3.0418	3.71347	4.23418	L
-24.6827	-6.15625	4.66066	2.21518	-0.574433	-24.6108	-6.00878	-24.8107	-6.16764	-2.93846	3.79553	6.92448e-310	R
-24.9219	-5.96132	4.79933	2.21552	-0.541841	-25.146	-5.91902	-24.955	-5.97587	-2.83295	3.87484	3.34182	L
-25.0633	-5.76786	4.79933	2.18843	-0.541841	-24.8975	-5.02285	-25.094	-5.7802	-2.72537	3.95132	6.92448e-310	R
-25.1997	-5.59388	4.76996	2.16875	-0.534127	-25.1941	-5.64372	-25.2276	-5.58079	-2.61581	4.02492	0.163094	L
-25.3311	-5.39527	4.76996	2.14204	-0.534127	-25.5328	-5.4399	-25.3556	-5.37777	-2.50435	4.09557	6.92448e-310	R
-25.4917	-5.16761	4.84364	2.11961	-0.528916	-25.5713	-5.10241	-25.4779	-5.1713	-2.39109	4.16322	0.666896	L
-25.6151	-4.95964	4.84364	2.09317	-0.528916	-25.0178	-6.55904	-25.5946	-4.96152	-2.27613	4.22781	6.92448e-310	R
-25.7247	-4.79514	4.76941	2.07671	-0.5187	-25.6952	-4.89995	-25.7055	-4.7486	-2.15956	4.2893	0.754896	L
-25.8374	-4.58536	4.76941	2.05077	-0.5187	-25.8162	-4.40681	-25.8105	-4.53268	-2.04149	4.34764	6.92448e-310	R
-25.9441	-4.33981	4.8169	2.0161	-0.527804	-25.9516	-4.26659	-25.9096	-4.31392	-1.92202	4.40279	0.347906	L
-26.0448	-4.12141	4.8169	1.9897	-0.527804	-26.8953	-4.43966	-26.0027	-4.0925	-1.80125	4.45471	6.92448e-310	R
-26.1273	-3.83084	4.91047	1.94188	-0.550297	-26.1198	-3.67723	-26.0897	-3.86856	-1.67928	4.50337	1.53074	L
-26.213	-3.60115	4.91047	1.91436	-0.550297	-26.5652	-3.85723	-26.1706	-3.64227	-1.55623	4.54875	6.92448e-310	R
-26.1894	-3.32449	4.8963	1.83627	-0.604994	-25.9974	-3.24722	-26.2453	-3.41381	-1.4322	4.59081	2.93751	L
-26.25	-3.08764	4.8963	1.80602	-0.604994	-26.2976	-3.01078	-26.3138	-3.18332	-1.30729	4.62954	6.92448e-310	R
-26.2598	-2.85524	4.85614	1.75901	-0.623458	-26.1741	-2.87885	-26.376	-2.95098	-1.18162	4.66493	0.523212	L
-26.3014	-2.61638	4.85614	1.72784	-0.623458	-26.4681	-3.44967	-26.4319	-2.71697	-1.05529	4.69696	6.92448e-310	R
-26.459	-2.49116	4.73609	1.7667	-0.548977	-26.674	-2.73852	-26.4815	-2.48143	-0.928411	4.72562	7.21613	L
-26.5018	-2.2586	4.73609	1.73925	-0.548977	-26.657	-1.72382	-26.5247	-2.24456	-0.80109	4.75091	6.92448e-310	R
-26.5857	-2.07135	4.68119	1.73847	-0.520653	-26.6691	-2.17333	-26.5616	-2.0065	-0.673434	4.77284	1.15772	L
-26.6217	-1.84041	4.68119	1.71244	-0.520653	-26.3248	-1.32261	-26.5921	-1.76744	-0.545553	4.79141	6.92448e-310	R
-26.5872	-1.58334	4.6973	1.6552	-0.554159	-26.4671	-1.53207	-26.6161	-1.52753	-0.417552	4.80664	1.15933	L
-26.6037	-1.3494	4.6973	1.6275	-0.554159	-26.4998	-2.19526	-26.6338	-1.28695	-0.289538	4.81852	6.92448e-310	R
-26.6092	-1.12316	4.68198	1.5985	-0.555643	-26.5998	-1.14277	-26.6451	-1.04586	-0.161616	4.8271	0.0299588	L
-26.6124	-0.889423	4.68198	1.57072	-0.555643	-27.2008	-1.67679	-26.65	-0.804425	-0.0338883	4.83238	6.92448e-310	R
-26.6522	-0.638962	4.72102	1.56129	-0.535629	-26.7355	-0.59539	-26.6485	-0.562811	0.0935412	4.83439	0.584203	L
-26.6468	-0.403316	4.72102	1.53451	-0.535629	-26.9891	0.0351487	-26.6406	-0.321181	0.220572	4.83317	6.92448e-310	R
-26.5716	-0.0997702	4.83132	1.47582	-0.569248	-26.4553	0.0602653	-26.6264	-0.0796947	0.347104	4.82874	2.55202	L
-26.5453	0.140005	4.83132	1.44736	-0.569248	-26.9537	0.136943	-26.6059	0.161489	0.473041	4.82116	6.92448e-310	R
-26.5494	0.436478	4.93356	1.43502	-0.551133	-26.6201	0.57588	-26.5792	0.402213	0.598287	4.81045	1.55972	L
-26.5127	0.680046	4.93356	1.40747	-0.551133	-26.8241	0.381506	-26.5462	0.642323	0.722748	4.79667	6.92448e-310	R
-26.5612	0.963373	4.99931	1.42208	-0.505158	-26.7293	1.06082	-26.5069	0.881666	0.846334	4.77986	2.54112	L
-26.5211	1.20973	4.99931	1.39682	-0.505158	-25.9562	2.60409	-26.4616	1.12009	0.968955	4.76007	6.92448e-310	R
-26.4475	1.445	4.9857	1.359	-0.518804	-26.3986	1.42212	-26.4101	1.35745	1.09053	4.73737	0.199023	L
-26.3921	1.68766	4.9857	1.33306	-0.518804	-26.5072	-0.563928	-26.3526	1.59361	1.21096	4.71181	6.92448e-310	R
-26.3398	1.88899	4.91443	1.30934	-0.516854	-26.3594	1.79315	-26.2891	1.82841	1.33018	4.68345	0.603093	L
-26.2733	2.12518	4.91443	1.28349	-0.516854	-26.3475	1.82827	-26.2197	2.06173	1.44811	4.65235	6.92448e-310	R
-26.2166	2.30837	4.82129	1.26099	-0.513817	-26.2502	2.18481	-26.1444	2.29342	1.56467	4.61859	1.03339	L
-26.1402	2.53667	4.82129	1.2353	-0.513817	-26.069	2.27896	-26.0633	2.52336	1.67979	4.58223	6.92448e-310	R
-26.0607	2.77603	4.84273	1.21197	-0.511138	-26.0641	2.80701	-25.9765	2.75141	1.79339	4.54334	0.0616543	L
-25.9729	3.00132	4.84273	1.18641	-0.511138	-26.3234	3.02388	-25.8841	2.97746	1.90543	4.502	6.92448e-310	R
-25.8665	3.28187	4.94606	1.16182	-0.509454	-25.8345	3.42005	-25.7861	3.20139	2.01582	4.45828	1.26633	L
-25.7654	3.50719	4.94606	1.13634	-0.509454	-26.1824	3.73376	-25.6826	3.42306	2.12452	4.41227	6.92448e-310	R
-25.6598	3.70161	4.89852	1.10759	-0.513317	-25.6666	3.63509	-25.5737	3.64239	2.23146	4.36404	0.282511	L
-25.5477	3.919	4.89852	1.08193	-0.513317	-25.5773	3.13316	-25.4596	3.85924	2.3366	4.31367	6.92448e-310	R
-25.5378	4.09923	4.77419	1.09592	-0.471104	-25.7492	3.99968	-25.3402	4.07353	2.43989	4.26125	3.59126	L
-25.4263	4.30992	4.77419	1.07236	-0.471104	-25.3516	3.75691	-25.2157	4.28514	2.54127	4.20686	6.92448e-310	R
-25.2114	4.51528	4.83875	1.0077	-0.515296	-25.0214	4.52803	-25.0863	4.49399	2.64071	4.15058	2.44111	L
-25.0798	4.71789	4.83875	0.981938	-0.515296	-24.2719	4.30917	-24.9518	4.69998	2.73817	4.09251	6.92448e-310	R
-24.974	4.9093	4.8024	0.967181	-0.503592	-25.0363	4.88499	-24.8126	4.90303	2.83361	4.03273	0.292702	L
-24.8354	5.10497	4.8024	0.942001	-0.503592	-24.3609	4.95947	-24.6686	5.10304	2.92701	3.97132	6.92448e-310	R
-24.63	5.3098	4.87522	0.895084	-0.52668	-24.5041	5.35293	-24.5201	5.29995	3.01833	3.90839	1.15815	L
-24.4753	5.4977	4.87522	0.86875	-0.52668	-24.4379	5.24592	-24.367	5.49367	3.10754	3.84401	6.92448e-310	R
-24.2471	5.65472	4.90084	0.809812	-0.561862	-24.1159	5.61152	-24.2095	5.68414	3.19464	3.77827	1.29877	L
-24.0758	5.82952	4.90084	0.781719	-0.561862	-24.5638	4.75836	-24.0477	5.8713	3.27959	3.71127	6.92448e-310	R
-23.9034	5.98244	4.87314	0.7505	-0.565489	-23.9153	5.94377	-23.8818	6.05508	3.36239	3.64309	0.103819	L
-23.7231	6.14584	4.87314	0.722226	-0.565489	-23.5491	6.44495	-23.7117	6.23542	3.44302	3.57383	6.92448e-310	R
-23.5736	6.30305	4.83184	0.705974	-0.55282	-23.6471	6.29102	-23.5377	6.41227	3.52148	3.50357	0.362102	L
-23.3879	6.45701	4.83184	0.678333	-0.55282	-23.7544	6.53746	-23.3598	6.58559	3.59775	3.4324	6.92448e-310	R
-23.1444	6.68205	4.99408	0.65616	-0.545499	-23.0099	6.86182	-23.1781	6.75533	3.67185	3.36041	3.17063	L
-22.9448	6.83146	4.99408	0.628885	-0.545499	-22.7862	5.74143	-22.9928	6.92146	3.74376	3.28768	6.92448e-310	R
-22.7303	7.00249	5.04079	0.606934	-0.539339	-22.6991	7.063	-22.804	7.08393	3.8135	3.21431	0.294026	L
-22.5216	7.14323	5.04079	0.579967	-0.539339	-22.418	6.76159	-22.6117	7.24273	3.88106	3.14038	6.92448e-310	R
-22.3742	7.29665	4.97455	0.578226	-0.512462	-22.5083	7.31524	-22.4161	7.39782	3.94647	3.06598	1.21675	L
-22.1645	7.42971	4.97455	0.552603	-0.512462	-22.0543	7.85452	-22.2173	7.54917	4.00974	2.99118	6.92448e-310	R
-22.033	7.6104	4.91803	0.56797	-0.468361	-22.1947	7.69478	-22.0154	7.69679	4.07087	2.91607	2.2633	L
-21.8245	7.74005	4.91803	0.544552	-0.468361	-21.6178	9.0351	-21.8105	7.84064	4.12989	2.84074	6.92448e-310	R
-21.626	7.89084	4.92615	0.533866	-0.454515	-21.6473	7.94	-21.6026	7.98072	4.18681	2.76526	0.196765	L
-21.4129	8.01358	4.92615	0.51114	-0.454515	-21.8637	7.78661	-21.392	8.11703	4.24166	2.68971	6.92448e-310	R
-21.1535	8.02813	4.88904	0.439822	-0.507372	-21.0853	7.83229	-21.1787	8.24957	4.29447	2.61417	2.94258	L
-20.9313	8.12925	4.88904	0.414454	-0.507372	-20.5503	9.28616	-20.9628	8.37833	4.34526	2.53871	6.92448e-310	R
-20.8214	8.32962	4.81027	0.4553	-0.435948	-21.0519	8.50983	-20.7444	8.50333	4.39406	2.46341	5.82189	L
-20.6045	8.43288	4.81027	0.433502	-0.435948	-19.9265	9.40847	-20.5237	8.62457	4.4409	2.38835	6.92448e-310	R
-20.3352	8.58009	4.92869	0.419445	-0.427036	-20.21	8.68914	-20.3006	8.74206	4.48582	2.31358	1.74129	L
-20.1094	8.6779	4.92869	0.398093	-0.427036	-20.2277	8.8532	-20.0753	8.85583	4.52884	2.23919	6.92448e-310	R
-19.9398	8.8079	4.86756	0.403385	-0.398325	-20.0633	8.86724	-19.848	8.96589	4.57001	2.16524	1.25138	L
-19.7153	8.90107	4.86756	0.383468	-0.398325	-19.9264	8.78179	-19.6186	9.07227	4.60937	2.09179	6.92448e-310	R
-19.4876	8.9818	4.86386	0.360104	-0.402084	-19.4861	8.96665	-19.3873	9.17499	4.64694	2.01891	0.0157504	L
-19.2595	9.06508	4.86386	0.34	-0.402084	-18.5719	10.2069	-19.1542	9.27409	4.68278	1.94666	6.92448e-310	R
-18.9238	9.15251	5.03968	0.303964	-0.418777	-18.6786	9.19191	-18.9193	9.36959	4.71692	1.8751	3.91029	L
-18.6829	9.2253	5.03968	0.283026	-0.418777	-19.2825	8.98189	-18.6827	9.46154	4.7494	1.80429	6.92448e-310	R
-18.4394	9.3534	5.08025	0.28675	-0.391743	-18.4242	9.46852	-18.4446	9.54996	4.78028	1.73429	0.909107	L
-18.1954	9.42275	5.08025	0.267163	-0.391743	-18.1634	8.72444	-18.2049	9.63492	4.80959	1.66514	6.92448e-310	R
-17.9017	9.56671	5.20647	0.273147	-0.363311	-17.7736	9.72478	-17.9639	9.71643	4.83737	1.59691	2.67294	L
-17.6508	9.63456	5.20647	0.254981	-0.363311	-17.2296	9.97767	-17.7214	9.79457	4.86368	1.52964	6.92448e-310	R
-17.3858	9.76162	5.26237	0.261524	-0.336097	-17.3436	9.88109	-17.4777	9.86936	4.88856	1.46338	1.0765	L
-17.1314	9.82742	5.26237	0.244719	-0.336097	-17.1554	10.212	-17.2328	9.94087	4.91205	1.39818	6.92448e-310	R
-16.8846	9.98071	5.29433	0.267062	-0.293145	-16.8876	10.145	-16.9868	10.0091	4.93421	1.33408	1.87124	L
-16.6291	10.0486	5.29433	0.252405	-0.293145	-16.5958	10.1078	-16.7396	10.0743	4.95507	1.27113	6.92448e-310	R
-16.4194	10.1861	5.2513	0.273704	-0.253802	-16.5153	10.3091	-16.4915	10.1362	4.97469	1.20937	1.68186	L
-16.1665	10.2554	5.2513	0.261014	-0.253802	-16.09	10.5824	-16.2424	10.1952	4.99311	1.14883	6.92448e-310	R
-15.9382	10.274	5.18621	0.231878	-0.271918	-16.006	10.1843	-15.9924	10.2511	5.01039	1.08956	0.826518	L
-15.6858	10.3318	5.18621	0.218282	-0.271918	-15.7234	10.41	-15.7416	10.3041	5.02655	1.03159	6.92448e-310	R
-15.4704	10.3186	5.09253	0.18113	-0.297931	-15.5699	10.1904	-15.4899	10.3543	5.04166	0.974957	1.72125	L
-15.22	10.3625	5.09253	0.166234	-0.297931	-14.2385	10.9109	-15.2376	10.4016	5.05576	0.919692	6.92448e-310	R
-14.9603	10.4269	5.11682	0.160487	-0.287802	-14.9365	10.4722	-14.9846	10.4462	5.06889	0.865828	0.174207	L
-14.7077	10.4659	5.11682	0.146097	-0.287802	-14.724	9.63507	-14.7309	10.4882	5.0811	0.813394	6.92448e-310	R
-14.4374	10.4018	5.11121	0.0885405	-0.33543	-14.4088	10.222	-14.4766	10.5276	5.09243	0.762418	2.28926	L
-14.183	10.4222	5.11121	0.071769	-0.33543	-13.9005	10.5238	-14.2218	10.5645	5.10293	0.712926	6.92448e-310	R
-13.8971	10.614	5.2153	0.127005	-0.255383	-13.8049	10.9383	-13.9665	10.5989	5.11263	0.664944	7.71276	L
-13.6385	10.6453	5.2153	0.114236	-0.255383	-13.3956	10.7857	-13.7107	10.631	5.12159	0.618496	6.92448e-310	R
-13.3713	10.6298	5.21839	0.082408	-0.276475	-13.3556	10.5517	-13.4545	10.6608	5.12983	0.573603	0.438854	L
-13.1115	10.6494	5.21839	0.0685843	-0.276475	-12.9374	10.8137	-13.1979	10.6884	5.13741	0.530288	6.92448e-310	R
-12.8863	10.7897	5.1851	0.109609	-0.215824	-12.9591	11.0099	-12.9409	10.7138	5.14436	0.48857	3.71875	L
-12.6287	10.8166	5.1851	0.0988175	-0.215824	-12.2518	11.2495	-12.6836	10.7373	5.15071	0.448467	6.92448e-310	R
-12.3692	10.7577	5.17132	0.0525603	-0.255122	-12.3713	10.6091	-12.426	10.7587	5.15651	0.409997	1.52993	L
-12.1113	10.7697	5.17132	0.0398042	-0.255122	-11.9352	10.9161	-12.1681	10.7783	5.16179	0.373177	6.92448e-310	R
-11.8822	10.8768	5.13704	0.0703522	-0.207303	-11.9451	11.0515	-11.91	10.7961	5.16658	0.338022	2.37767	L
-11.6262	10.8935	5.13704	0.0599871	-0.207303	-10.9703	10.9676	-11.6516	10.8121	5.17092	0.304546	6.92448e-310	R
-11.3954	10.9199	5.09496	0.0558513	-0.200493	-11.4548	10.9407	-11.393	10.8265	5.17484	0.272761	0.254283	L
-11.1413	10.9328	5.09496	0.0458267	-0.200493	-11.3472	10.5111	-11.1342	10.8394	5.17836	0.242681	6.92448e-310	R
-10.8012	10.8486	5.23268	-0.00757156	-0.24818	-10.6009	10.6823	-10.8753	10.8509	5.18153	0.214317	4.47885	L
-10.5399	10.845	5.23268	-0.0199806	-0.24818	-10.6563	10.8369	-10.6161	10.8609	5.18435	0.187679	6.92448e-310	R
-10.3189	10.8517	5.16384	-0.0257298	-0.241004	-10.4142	10.8747	-10.3569	10.8697	5.18687	0.162776	0.611145	L
-10.0612	10.8435	5.16384	-0.03778	-0.241004	-9.90413	11.2255	-10.0976	10.8772	5.1891	0.139618	6.92448e-310	R
-9.81317	10.9295	5.15032	-0.00799802	-0.194823	-9.83445	11.1032	-9.83809	10.8837	5.19106	0.118212	2.12142	L
-9.55601	10.9262	5.15032	-0.0177392	-0.194823	-10.195	10.3498	-9.57852	10.8891	5.19278	0.0985664	6.92448e-310	R
-9.30133	10.9614	5.14671	-0.00986279	-0.175373	-9.3066	11.0348	-9.31887	10.8936	5.19428	0.0806865	0.375	L
-9.04436	10.9577	5.14671	-0.0186315	-0.175373	-9.2226	10.3527	-9.05915	10.8972	5.19557	0.0645787	6.92448e-310	R
-8.78799	10.9944	5.14578	-0.00911744	-0.155186	-8.78899	11.0707	-8.79937	10.9001	5.19667	0.050248	0.403145	L
-8.53105	10.991	5.14578	-0.0168768	-0.155186	-8.83914	10.0319	-8.53953	10.9023	5.19759	0.0376992	6.92448e-310	R
-8.37638	10.8683	4.96888	-0.0751149	-0.211075	-8.62045	10.6577	-8.27965	10.9039	5.19835	0.0269359	6.82656	L
-8.12906	10.8484	4.96888	-0.0856687	-0.211075	-7.91543	11.1157	-8.01974	10.905	5.19896	0.0179617	6.92448e-310	R
-7.77486	10.8882	5.15234	-0.0682006	-0.179832	-7.51971	11.0005	-7.75979	10.9057	5.19942	0.0107791	4.97995	L
-7.51827	10.8695	5.15234	-0.0771921	-0.179832	-7.25987	10.6458	-7.49981	10.9061	5.19975	0.00539029	6.92448e-310	R
-7.2308	10.8368	5.20739	-0.0906994	-0.184698	-7.15631	10.815	-7.23983	10.9063	5.19994	0.00179692	0.381912	L
-6.97195	10.8121	5.20739	-0.0999343	-0.184698	-7.39396	11.0181	-6.97983	10.9064	5.2	-7.84874e-15	6.92448e-310	R
