px	py	v	yaw_angle	yaw_rate	px_measured	py_measured	px_true	py_true	vx_true	vy_true	NIS	sensor
0.312243	0.58034	0	0	0	0.312243	0.58034	0.6	0.6	5.19994	0	6.91291e-310	L
0.714265	0.588392	7.07821	0	1.16528e-17	0.862916	0.534212	0.859997	0.600045	5.19975	0.00179686	74.2475	R
0.953244	0.588392	7.07821	0	7.80626e-18	1.17385	0.481073	1.11998	0.600225	5.19943	0.00538996	6.91291e-310	L
0.950183	0.406486	7.09565	0.119362	0.0242627	0.969149	0.397513	1.37996	0.600629	5.19898	0.0107781	0.954886	R
1.17047	0.431896	7.09565	0.120575	0.0242627	1.65063	0.62469	1.6399	0.601347	5.19839	0.0179597	6.91291e-310	L
1.3932	0.407489	7.05813	0.0274575	-0.00117287	1.62331	0.499091	1.89982	0.60247	5.19766	0.0269323	0.0813376	R
1.70083	0.414205	7.05813	0.0273988	-0.00117287	2.18882	0.648739	2.1597	0.604086	5.19678	0.0376932	6.91291e-310	L
1.91343	0.564241	6.6894	0.0667922	-0.0615435	1.96701	0.557117	2.41954	0.606284	5.19573	0.0502389	1.8266	R
2.23255	0.583351	6.6894	0.063715	-0.0615435	2.65526	0.66598	2.67932	0.609155	5.1945	0.0645654	6.91291e-310	L
2.61435	0.577292	6.07738	-0.0411993	-0.36098	2.92034	0.645898	2.93904	0.612786	5.19309	0.080668	4.84182	R
2.91359	0.561528	6.07738	-0.0592483	-0.36098	3.01222	0.637046	3.19869	0.617267	5.19147	0.0985415	6.91291e-310	L
3.27558	0.46525	5.8776	-0.21487	-0.855636	3.56096	0.485311	3.45825	0.622685	5.18963	0.11818	3.13236	R
3.55821	0.396519	5.8776	-0.257652	-0.855636	3.89365	0.311793	3.71772	0.62913	5.18754	0.139576	6.91291e-310	L
3.9272	0.525775	5.72909	-0.113201	-0.394562	4.19786	0.698311	3.97708	0.636689	5.18519	0.162724	4.08084	R
4.20893	0.490201	5.72909	-0.132929	-0.394562	4.30935	0.578564	4.23632	0.645449	5.18256	0.187614	6.91291e-310	L
4.48742	0.565806	5.53947	-0.0672994	-0.22272	4.61908	0.68951	4.49542	0.655498	5.17962	0.214238	2.53244	R
4.76107	0.545195	5.53947	-0.0784354	-0.22272	4.35143	0.899174	4.75437	0.666921	5.17634	0.242587	6.91291e-310	L
5.02654	0.579539	5.36504	-0.0604298	-0.184463	5.20901	0.66599	5.01315	0.679804	5.1727	0.272649	3.09233	R
5.29178	0.561768	5.36504	-0.0696529	-0.184463	5.51894	0.648233	5.27175	0.694234	5.16867	0.304413	6.91291e-310	L
5.51288	0.614528	5.35823	-0.00955986	-0.0326497	5.22834	0.639362	5.53013	0.710295	5.16422	0.337868	1.5824	R
5.77855	0.611383	5.35823	-0.0111923	-0.0326497	6.022	0.708619	5.78828	0.728072	5.15932	0.372999	6.91291e-310	L
6.00925	0.488692	5.28452	-0.105464	-0.211996	5.89392	0.373584	6.04618	0.747647	5.15393	0.409793	2.20359	R
6.26989	0.459431	5.28452	-0.116063	-0.211996	6.34249	0.948833	6.30379	0.769103	5.14803	0.448233	6.91291e-310	L
6.52607	0.609789	5.19558	-0.00748385	-0.0154991	6.62134	0.836138	6.5611	0.792523	5.14157	0.488305	2.57732	R
6.7842	0.607501	5.19558	-0.00825881	-0.0154991	6.78214	0.714036	6.81808	0.817988	5.13452	0.52999	6.91291e-310	L
7.04241	0.609018	5.08239	-0.0107923	-0.0195407	7.29121	0.630741	7.07469	0.845578	5.12685	0.573269	2.73725	R
7.29508	0.605981	5.08239	-0.0117693	-0.0195407	7.13735	0.957217	7.3309	0.875373	5.11851	0.618123	6.91291e-310	L
7.62912	0.678438	5.20927	0.0309488	0.0427029	8.08349	0.819605	7.58668	0.907449	5.10946	0.664531	4.47214	R
7.88814	0.686588	5.20927	0.0330839	0.0427029	7.80533	0.719126	7.84199	0.941886	5.09966	0.712469	6.91291e-310	L
8.14608	0.762922	5.10546	0.0696881	0.0862426	8.40453	0.884557	8.0968	0.978759	5.08907	0.761915	2.63935	R
8.39953	0.781059	5.10546	0.0740002	0.0862426	8.24796	0.840322	8.35106	1.01814	5.07766	0.812843	6.91291e-310	L
8.65132	1.02311	5.20365	0.18759	0.213658	8.45858	1.41118	8.60472	1.06011	5.06537	0.865226	6.16284	R
8.90562	1.07272	5.20365	0.198273	0.213658	8.74615	1.04858	8.85775	1.10473	5.05216	0.919037	6.91291e-310	L
9.23831	1.11158	5.26529	0.199294	0.202495	9.8809	1.1419	9.1101	1.15208	5.03798	0.974245	5.13545	R
9.49511	1.1648	5.26529	0.209419	0.202495	9.25579	1.04913	9.36172	1.20223	5.0228	1.03082	6.91291e-310	L
9.78545	1.30294	5.31319	0.252526	0.235904	10.1016	1.52474	9.61255	1.25524	5.00656	1.08873	2.00775	R
10.0414	1.37063	5.31319	0.264321	0.235904	10.0484	1.44598	9.86254	1.31118	4.98922	1.14794	6.91291e-310	L
10.2851	1.53469	5.22693	0.317556	0.279475	10.5377	1.72555	10.1117	1.37011	4.97074	1.20841	2.85655	R
10.5319	1.61782	5.22693	0.33153	0.279475	10.2492	1.45907	10.3598	1.4321	4.95106	1.2701	6.91291e-310	L
10.7534	1.72381	5.099	0.360162	0.298305	10.9084	1.70343	10.6069	1.49721	4.93014	1.33298	2.79914	R
10.9906	1.81525	5.099	0.375077	0.298305	10.7313	1.45265	10.853	1.56549	4.90794	1.39701	6.91291e-310	L
11.2778	1.76765	5.12868	0.334094	0.246041	11.4783	1.42876	11.0979	1.637	4.8844	1.46213	2.07211	R
11.5188	1.8531	5.12868	0.346396	0.246041	11.587	1.61462	11.3416	1.71179	4.85948	1.52832	6.91291e-310	L
11.7332	1.84521	5.05313	0.328964	0.221497	11.4763	1.53917	11.584	1.78992	4.83313	1.59551	2.06211	R
11.9711	1.92805	5.05313	0.340039	0.221497	11.7788	1.74591	11.8251	1.87144	4.80531	1.66366	6.91291e-310	L
12.2178	2.04686	5.13732	0.358665	0.225424	12.136	2.14937	12.0647	1.95639	4.77598	1.73273	1.04927	R
12.457	2.13825	5.13732	0.369936	0.225424	12.3226	1.78353	12.3029	2.04482	4.74508	1.80265	6.91291e-310	L
12.7139	2.11919	5.17525	0.340879	0.188621	12.5457	1.77728	12.5394	2.13677	4.71257	1.87338	2.21696	R
12.9566	2.20674	5.17525	0.35031	0.188621	12.5924	2.17509	12.7743	2.23227	4.67842	1.94485	6.91291e-310	L
13.2145	2.38078	5.28998	0.38136	0.203322	13.2198	2.6644	13.0075	2.33137	4.64258	2.01701	1.81319	R
13.4587	2.48033	5.28998	0.391526	0.203322	13.0875	2.40708	13.2388	2.43409	4.605	2.08981	6.91291e-310	L
13.5462	2.76015	5.12094	0.473758	0.270017	12.7087	3.12439	13.4682	2.54047	4.56565	2.16317	12.4126	R
13.7725	2.87831	5.12094	0.487259	0.270017	13.836	2.62479	13.6955	2.65053	4.52448	2.23703	6.91291e-310	L
13.9821	2.94771	5.07504	0.488363	0.261568	13.8302	2.73893	13.9208	2.7643	4.48147	2.31134	0.735952	R
14.2046	3.06805	5.07504	0.501441	0.261568	14.2106	2.94205	14.1439	2.88179	4.43656	2.38601	6.91291e-310	L
14.4758	3.10363	5.14858	0.478916	0.226804	14.5568	2.87021	14.3646	3.00303	4.38974	2.46099	1.66491	R
14.7028	3.22339	5.14858	0.490256	0.226804	14.4616	2.90734	14.583	3.12802	4.34097	2.5362	6.91291e-310	L
14.9016	3.48236	5.23321	0.538647	0.252717	14.6754	3.96041	14.7989	3.25679	4.29021	2.61157	2.20015	R
15.1246	3.61779	5.23321	0.551282	0.252717	15.0261	3.5067	15.0122	3.38932	4.23744	2.68703	6.91291e-310	L
15.3157	3.8487	5.20188	0.597187	0.283983	15.3685	4.14761	15.2228	3.52563	4.18263	2.76249	1.26006	R
15.5289	3.99624	5.20188	0.611387	0.283983	15.5236	3.82936	15.4306	3.66572	4.12575	2.83789	6.91291e-310	L
15.7583	3.99653	5.13196	0.585466	0.25447	15.7234	3.4105	15.6355	3.80957	4.06678	2.91315	2.08631	R
15.9704	4.13948	5.13196	0.59819	0.25447	15.9774	4.00094	15.8375	3.95719	4.00571	2.98817	6.91291e-310	L
16.1692	4.27831	5.04763	0.617934	0.267469	16.3376	4.21632	16.0363	4.10854	3.94251	3.0629	1.56455	R
16.3731	4.4257	5.04763	0.631307	0.267469	16.3313	4.44499	16.2319	4.26363	3.87716	3.13723	6.91291e-310	L
16.5996	4.5493	5.05635	0.634356	0.258721	16.7586	4.48231	16.4242	4.42242	3.80966	3.21109	0.289468	R
16.8013	4.70023	5.05635	0.647292	0.258721	16.6039	4.67344	16.613	4.5849	3.74	3.28438	6.91291e-310	L
16.9268	4.93118	4.91392	0.704254	0.308227	16.9236	5.10119	16.7983	4.75103	3.66817	3.35704	4.91512	R
17.112	5.09144	4.91392	0.719666	0.308227	16.9955	5.21099	16.9799	4.92077	3.59416	3.42897	6.91291e-310	L
17.3035	5.1461	4.82485	0.713049	0.297334	17.3421	4.64623	17.1579	5.09409	3.51797	3.50008	1.4759	R
17.4839	5.30502	4.82485	0.727916	0.297334	17.2894	5.43542	17.3319	5.27094	3.4396	3.57028	6.91291e-310	L
17.6622	5.3425	4.70483	0.720575	0.288563	17.6463	4.74597	17.5019	5.45128	3.35907	3.63949	2.38424	R
17.8369	5.49878	4.70483	0.735003	0.288563	17.7853	5.62476	17.6679	5.63506	3.27637	3.70762	6.91291e-310	L
17.9587	5.74835	4.66543	0.785956	0.323591	17.9216	6.07151	17.8297	5.82221	3.19151	3.77458	1.54933	R
18.1213	5.91445	4.66543	0.802135	0.323591	18.1263	6.16985	17.9872	6.01269	3.10453	3.84027	6.91291e-310	L
18.2432	6.21648	4.72518	0.853799	0.348469	18.1245	6.79027	18.1402	6.20641	3.01542	3.90462	1.31837	R
18.3959	6.39559	4.72518	0.871222	0.348469	18.2164	6.66138	18.2888	6.40332	2.92421	3.96753	6.91291e-310	L
18.5039	6.67075	4.74181	0.919655	0.374194	18.4022	7.02231	18.4328	6.60333	2.83093	4.0289	0.634641	R
18.6449	6.86031	4.74181	0.938365	0.374194	18.5422	6.76013	18.572	6.80638	2.7356	4.08867	6.91291e-310	L
18.8	7.06682	4.7895	0.949538	0.36134	18.8089	7.24388	18.7064	7.01237	2.63825	4.14672	0.495099	R
18.9367	7.26245	4.7895	0.967605	0.36134	19.1441	7.18344	18.8359	7.22122	2.53893	4.20299	6.91291e-310	L
18.9775	7.49846	4.72044	1.02213	0.399934	18.5479	7.4012	18.9604	7.43283	2.43767	4.25737	3.5826	R
19.0976	7.70067	4.72044	1.04212	0.399934	19.0138	7.8688	19.0798	7.64712	2.3345	4.3098	6.91291e-310	L
19.2423	7.85518	4.71065	1.04396	0.384248	19.3089	7.67375	19.1939	7.86397	2.22949	4.36017	0.211071	R
19.3578	8.05954	4.71065	1.06317	0.384248	19.132	8.12845	19.3028	8.08329	2.12266	4.40842	6.91291e-310	L
19.4379	8.25863	4.71151	1.08137	0.378598	19.0239	8.17194	19.4062	8.30497	2.01409	4.45445	2.28288	R
19.5458	8.46722	4.71151	1.1003	0.378598	19.347	8.30741	19.5042	8.5289	1.90381	4.49819	6.91291e-310	L
19.6435	8.63897	4.65653	1.12147	0.388393	19.6843	8.35902	19.5966	8.75494	1.7919	4.53956	0.586541	R
19.7417	8.84928	4.65653	1.14089	0.388393	20.0039	8.8906	19.6835	8.983	1.67841	4.57848	6.91291e-310	L
19.7755	9.14835	4.67599	1.19315	0.417203	19.6061	9.48659	19.7645	9.21294	1.56341	4.61488	0.80397	R
19.8586	9.36614	4.67599	1.21401	0.417203	20.1574	9.45949	19.8398	9.44463	1.44697	4.64869	6.91291e-310	L
19.8615	9.64767	4.66932	1.27105	0.45315	19.6163	9.76606	19.9093	9.67795	1.32916	4.67984	1.27798	R
19.9271	9.87104	4.66932	1.29371	0.45315	20.1573	9.90876	19.9728	9.91275	1.21005	4.70826	6.91291e-310	L
19.8994	10.3122	4.84283	1.34631	0.452158	19.1911	11.5493	20.0303	10.1489	1.08972	4.73389	6.09462	R
19.9499	10.5484	4.84283	1.36892	0.452158	20.166	10.4687	20.0818	10.3863	0.968259	4.75666	6.91291e-310	L
19.9315	10.8179	4.83946	1.41813	0.479194	19.6775	10.803	20.1271	10.6247	0.845742	4.77652	1.08967	R
19.9647	11.0569	4.83946	1.44209	0.479194	20.371	11.0109	20.1663	10.864	0.722256	4.7934	6.91291e-310	L
19.9343	11.4398	4.95781	1.47952	0.470715	19.4335	12.3402	20.1993	11.1041	0.597892	4.80727	3.03555	R
19.9534	11.6864	4.95781	1.50306	0.470715	20.3164	11.3483	20.2261	11.3449	0.472738	4.81807	6.91291e-310	L
19.7975	12.0439	4.99563	1.59762	0.542103	19.2063	12.2418	20.2466	11.5861	0.346889	4.82575	5.50676	R
19.7868	12.2929	4.99563	1.62473	0.542103	20.6141	11.9422	20.2608	11.8275	0.220439	4.83027	6.91291e-310	L
19.9006	12.4032	4.90807	1.58346	0.468021	19.966	11.9688	20.2687	12.0692	0.093487	4.83159	4.38073	R
19.8941	12.6481	4.90807	1.60687	0.468021	20.3263	12.4966	20.2701	12.3108	-0.0338694	4.82968	6.91291e-310	L
19.8595	12.8519	4.85138	1.65226	0.506052	20.0192	12.4823	20.2652	12.5522	-0.161529	4.82451	1.98356	R
19.8362	13.0929	4.85138	1.67757	0.506052	20.498	12.8924	20.254	12.7933	-0.28939	4.81605	6.91291e-310	L
19.96	13.1705	4.71867	1.66757	0.492678	20.9151	12.2555	20.2363	13.0339	-0.417348	4.80428	5.00384	R
19.9339	13.4046	4.71867	1.69221	0.492678	20.1943	13.1688	20.2122	13.2738	-0.545298	4.78918	6.91291e-310	L
19.9065	13.6246	4.71133	1.71232	0.486302	19.858	13.5236	20.1818	13.5129	-0.673135	4.77072	0.173552	R
19.87	13.857	4.71133	1.73663	0.486302	20.3245	13.8896	20.1449	13.7509	-0.800753	4.74892	6.91291e-310	L
19.8815	14.008	4.63493	1.75807	0.498923	20.3387	13.5307	20.1017	13.9878	-0.928043	4.72374	1.37807	R
19.835	14.2347	4.63493	1.78302	0.498923	20.1216	14.337	20.0521	14.2233	-1.0549	4.69521	6.91291e-310	L
19.7674	14.4575	4.63296	1.81256	0.503569	19.6717	14.4038	19.9962	14.4573	-1.18121	4.66331	0.162672	R
19.7087	14.6812	4.63296	1.83774	0.503569	19.781	14.773	19.934	14.6897	-1.30687	4.62805	6.91291e-310	L
19.7306	14.7839	4.52869	1.84212	0.489963	20.1149	14.0165	19.8655	14.9202	-1.43177	4.58944	1.85668	R
19.6668	15.0009	4.52869	1.86662	0.489963	20.0208	15.2053	19.7908	15.1486	-1.55581	4.54751	6.91291e-310	L
19.5546	15.2155	4.50966	1.94492	0.579506	20.0157	15.3443	19.7099	15.3749	-1.67887	4.50226	10.9859	R
19.4689	15.4237	4.50966	1.9739	0.579506	19.9131	15.554	19.6229	15.5989	-1.80085	4.45372	6.91291e-310	L
19.4605	15.5494	4.43136	1.98691	0.571141	19.9388	15.0864	19.5298	15.8203	-1.92164	4.40193	1.02722	R
19.3678	15.7503	4.43136	2.01546	0.571141	19.4748	16.0098	19.4307	16.039	-2.04114	4.3469	6.91291e-310	L
19.2805	15.9555	4.43227	2.02963	0.547415	19.1556	16.0022	19.3257	16.2549	-2.15925	4.28868	0.63527	R
19.1794	16.1525	4.43227	2.057	0.547415	19.238	16.2719	19.2148	16.4679	-2.27586	4.22731	6.91291e-310	L
19.1006	16.331	4.41513	2.08605	0.557161	19.4007	16.2962	19.0981	16.6777	-2.39087	4.16284	0.750493	R
18.9889	16.5212	4.41513	2.11391	0.557161	19.0029	16.8387	18.9757	16.8841	-2.50418	4.0953	6.91291e-310	L
18.7823	16.8175	4.53435	2.18587	0.621511	18.8373	17.7112	18.8477	17.0872	-2.61571	4.02476	10.1707	R
18.6485	17.0002	4.53435	2.21695	0.621511	18.6148	17.3832	18.7142	17.2866	-2.72534	3.95127	6.91291e-310	L
18.6291	17.1465	4.44229	2.19407	0.548948	18.8177	17.0316	18.5752	17.4822	-2.83299	3.87489	4.58471	R
18.4969	17.3247	4.44229	2.22152	0.548948	18.1023	17.5529	18.4309	17.674	-2.93858	3.79568	6.91291e-310	L
18.3754	17.5055	4.4354	2.23214	0.521458	18.2749	17.4877	18.2814	17.8617	-3.042	3.71372	0.868225	R
18.2369	17.6784	4.4354	2.25821	0.521458	18.2094	18.0461	18.1268	18.0453	-3.14318	3.62906	6.91291e-310	L
18.097	17.7936	4.40274	2.30497	0.556844	18.3021	17.498	17.9671	18.2246	-3.24204	3.5418	1.47616	R
17.9472	17.9546	4.40274	2.33281	0.556844	17.9018	18.2183	17.8026	18.3994	-3.3385	3.45199	6.91291e-310	L
17.9288	18.0914	4.33296	2.33471	0.538574	18.8558	18.1364	17.6334	18.5697	-3.43247	3.35973	6.72903	R
17.7769	18.2456	4.33296	2.36164	0.538574	17.3845	18.7039	17.4595	18.7353	-3.5239	3.26509	6.91291e-310	L
17.633	18.3507	4.3041	2.40009	0.558355	17.7945	18.0801	17.281	18.8962	-3.61271	3.16817	0.619677	R
17.4723	18.4936	4.3041	2.42801	0.558355	17.1762	18.8863	17.0983	19.0521	-3.69883	3.06904	6.91291e-310	L
17.2538	18.7619	4.40942	2.4452	0.542399	16.9398	19.7311	16.9113	19.203	-3.78221	2.9678	4.81279	R
17.0828	18.9008	4.40942	2.47232	0.542399	16.5734	19.052	16.7201	19.3488	-3.86278	2.86455	6.91291e-310	L
16.7877	19.1775	4.56438	2.50726	0.551057	16.1674	20.2201	16.5251	19.4894	-3.9405	2.75938	4.72426	R
16.6021	19.31	4.56438	2.53481	0.551057	16.2338	19.6171	16.3262	19.6246	-4.01531	2.65237	6.91291e-310	L
16.4259	19.2923	4.48303	2.59244	0.588987	16.4366	18.2742	16.1237	19.7545	-4.08716	2.54364	8.83155	R
16.2331	19.4063	4.48303	2.62189	0.588987	15.9243	19.8703	15.9176	19.8789	-4.15602	2.43329	6.91291e-310	L
16.1041	19.4897	4.39953	2.62688	0.550619	16.2328	19.2166	15.7082	19.9978	-4.22185	2.32141	2.04863	R
15.9113	19.5953	4.39953	2.65441	0.550619	15.4332	20.1836	15.4956	20.111	-4.28461	2.2081	6.91291e-310	L
15.5353	19.9173	4.61089	2.66522	0.522564	14.3677	21.3406	15.2799	20.2185	-4.34427	2.09347	9.23651	R
15.3292	20.0203	4.61089	2.69135	0.522564	15.2016	20.4385	15.0613	20.3203	-4.4008	1.97763	6.91291e-310	L
15.0783	20.1055	4.62995	2.72597	0.528526	14.7476	19.9571	14.84	20.4162	-4.4542	1.86068	1.31609	R
14.8654	20.1961	4.62995	2.7524	0.528526	14.6665	20.6088	14.6161	20.5063	-4.50443	1.74272	6.91291e-310	L
14.5293	20.3761	4.75689	2.78147	0.531756	13.841	21.0031	14.3897	20.5904	-4.55149	1.62386	2.02814	R
14.3058	20.457	4.75689	2.80805	0.531756	14.0521	20.5924	14.1611	20.6686	-4.59537	1.50421	6.91291e-310	L
14.0341	20.5668	4.81095	2.839	0.540377	13.8232	20.859	13.9304	20.7408	-4.63606	1.38386	0.555378	R
13.8038	20.6355	4.81095	2.86602	0.540377	13.4686	20.7253	13.6977	20.807	-4.67357	1.26294	6.91291e-310	L
13.593	20.6336	4.80033	2.91963	0.58232	13.8263	20.4261	13.4632	20.8671	-4.70789	1.14153	1.85327	R
13.3584	20.6831	4.80033	2.94875	0.58232	13.1072	20.8294	13.2271	20.9211	-4.73904	1.01975	6.91291e-310	L
13.129	20.7723	4.81321	2.96858	0.575846	13.2669	21.1579	12.9895	20.969	-4.76702	0.897694	1.96215	R
12.8915	20.8105	4.81321	2.99737	0.575846	12.8729	21.0592	12.7506	21.0108	-4.79186	0.775469	6.91291e-310	L
12.4842	20.9614	4.97794	3.01865	0.568621	11.5171	21.6724	12.5106	21.0465	-4.81358	0.653175	3.35905	R
12.237	20.9886	4.97794	3.04708	0.568621	12.2062	21.11	12.2695	21.0761	-4.83219	0.530912	6.91291e-310	L
12.0337	21.006	4.95231	3.07648	0.574979	12.3859	21.1066	12.0276	21.0996	-4.84773	0.408778	1.02195	R
11.7866	21.0188	4.95231	3.10523	0.574979	11.6814	20.8651	11.785	21.117	-4.86022	0.286869	6.91291e-310	L
11.5475	20.9804	4.93902	-3.13903	0.584859	11.5265	20.6748	11.5418	21.1283	-4.86971	0.165281	1.04289	R
11.3008	20.9764	4.93902	-3.10979	0.584859	11.363	21.0688	11.2982	21.1335	-4.87623	0.0441057	6.91291e-310	L
10.9986	20.9293	4.97508	-3.07023	0.591621	10.5558	20.5567	11.0544	21.1327	-4.87982	-0.076565	3.65707	R
10.7509	20.9082	4.97508	-3.04065	0.591621	10.8903	20.927	10.8105	21.1259	-4.88053	-0.196643	6.91291e-310	L
10.3375	20.9982	5.07603	-3.04518	0.543207	9.30535	21.3896	10.5666	21.1131	-4.8784	-0.31604	4.73617	R
10.0855	20.9708	5.07603	-3.01802	0.543207	10.189	21.209	10.3229	21.0943	-4.87349	-0.434674	6.91291e-310	L
9.84057	20.9815	5.07027	-3.00342	0.530527	9.97958	21.2932	10.0795	21.0697	-4.86585	-0.552463	1.50834	R
9.59016	20.9437	5.07027	-2.97689	0.530527	9.99634	20.9797	9.83658	21.0391	-4.85554	-0.669327	6.91291e-310	L
9.33638	20.9655	5.03168	-2.98334	0.482675	9.38223	21.111	9.59422	21.0028	-4.84262	-0.785189	2.66865	R
9.08864	20.9233	5.03168	-2.9592	0.482675	9.53921	20.8762	9.35258	20.9607	-4.82714	-0.899977	6.91291e-310	L
8.95052	20.8681	4.94465	-2.9335	0.48549	9.63392	20.9724	9.11177	20.9128	-4.80919	-1.01362	2.5208	R
8.70944	20.8145	4.94465	-2.90923	0.48549	8.70331	20.8221	8.87192	20.8594	-4.78881	-1.12605	6.91291e-310	L
8.70347	20.6406	4.74933	-2.85915	0.505601	9.84634	20.009	8.63315	20.8003	-4.76608	-1.2372	4.66078	R
8.47642	20.572	4.74933	-2.83387	0.505601	8.22277	20.4839	8.39557	20.7358	-4.74108	-1.34701	6.91291e-310	L
8.25518	20.4902	4.75941	-2.80376	0.513334	8.29647	20.4978	8.1593	20.6657	-4.71387	-1.45542	0.096662	R
8.03182	20.409	4.75941	-2.77809	0.513334	7.88599	20.45	7.92445	20.5903	-4.68453	-1.56237	6.91291e-310	L
7.86889	20.328	4.74993	-2.7429	0.532564	8.29081	20.6565	7.69111	20.5096	-4.65313	-1.66781	3.34051	R
7.65139	20.2335	4.74993	-2.71627	0.532564	7.18029	20.392	7.45939	20.4237	-4.61975	-1.7717	6.91291e-310	L
7.3831	20.1464	4.78002	-2.69741	0.523148	7.09214	20.1196	7.22939	20.3326	-4.58448	-1.87399	0.45475	R
7.16877	20.0415	4.78002	-2.67125	0.523148	6.81542	20.1859	7.00119	20.2364	-4.54738	-1.97462	6.91291e-310	L
6.94177	19.9661	4.76849	-2.65794	0.508318	6.89359	20.1536	6.7749	20.1352	-4.50854	-2.07357	0.547882	R
6.73223	19.8532	4.76849	-2.63253	0.508318	6.38914	20.0137	6.55059	20.0292	-4.46805	-2.17079	6.91291e-310	L
6.53516	19.7853	4.74748	-2.61868	0.498684	6.67637	20.2142	6.32834	19.9183	-4.42598	-2.26625	2.51354	R
6.3311	19.6649	4.74748	-2.59375	0.498684	5.86119	19.8306	6.10823	19.8027	-4.38241	-2.35993	6.91291e-310	L
5.98463	19.5436	4.89583	-2.57429	0.502705	5.28178	19.5036	5.89034	19.6824	-4.33744	-2.45178	2.58685	R
5.77995	19.4103	4.89583	-2.54916	0.502705	5.69089	19.5755	5.67472	19.5577	-4.29114	-2.5418	6.91291e-310	L
5.65596	19.2325	4.83917	-2.50917	0.512476	5.9506	18.9859	5.46145	19.4284	-4.24359	-2.62995	0.719023	R
5.4627	19.0878	4.83917	-2.48355	0.512476	5.17021	19.4397	5.25059	19.2948	-4.19488	-2.71622	6.91291e-310	L
5.36798	18.9882	4.69162	-2.46943	0.491463	5.87397	19.301	5.04219	19.157	-4.1451	-2.80059	4.30919	R
5.18626	18.8407	4.69162	-2.44485	0.491463	4.89149	18.982	4.8363	19.015	-4.09432	-2.88305	6.91291e-310	L
4.80525	18.7486	4.85179	-2.45369	0.471456	3.98679	19.0452	4.63297	18.8689	-4.04263	-2.96359	2.97795	R
4.61972	18.5932	4.85179	-2.43011	0.471456	4.4685	18.834	4.43224	18.7188	-3.99012	-3.0422	6.91291e-310	L
4.4731	18.4566	4.76784	-2.41746	0.451873	4.69245	18.4634	4.23416	18.5648	-3.93685	-3.11888	1.14966	R
4.29636	18.2975	4.76784	-2.39487	0.451873	4.26269	18.481	4.03876	18.4071	-3.88293	-3.19362	6.91291e-310	L
3.97977	18.1824	4.95294	-2.38427	0.4641	3.42434	18.8357	3.84606	18.2457	-3.82841	-3.26644	7.84246	R
3.80183	18.0111	4.95294	-2.36107	0.4641	3.45919	18.167	3.65611	18.0807	-3.77339	-3.33732	6.91291e-310	L
3.73924	17.8602	4.79961	-2.33887	0.449485	4.3011	17.9267	3.46891	17.9122	-3.71795	-3.40627	2.92682	R
3.57446	17.6866	4.79961	-2.3164	0.449485	3.12525	17.7493	3.28449	17.7402	-3.66215	-3.47331	6.91291e-310	L
3.25203	17.5465	4.95766	-2.31794	0.443434	2.65664	17.888	3.10287	17.565	-3.60609	-3.53844	3.28122	R
3.08562	17.3637	4.95766	-2.29577	0.443434	2.9449	17.8154	2.92405	17.3866	-3.54982	-3.60167	6.91291e-310	L
3.01678	17.1315	4.96224	-2.23865	0.479254	3.26647	17.0897	2.74805	17.2051	-3.49344	-3.66302	1.33097	R
2.86542	16.9358	4.96224	-2.21469	0.479254	2.55407	17.0853	2.57486	17.0205	-3.437	-3.72251	6.91291e-310	L
2.67242	16.7961	4.86626	-2.22328	0.44002	2.55039	16.8884	2.4045	16.833	-3.38059	-3.78014	3.04929	R
2.52679	16.602	4.86626	-2.20128	0.44002	2.25371	16.8334	2.23695	16.6427	-3.32428	-3.83595	6.91291e-310	L
2.20218	16.4187	4.92255	-2.2261	0.395693	1.57735	16.0489	2.07221	16.4497	-3.26812	-3.88995	5.25531	R
2.05411	16.223	4.92255	-2.20632	0.395693	1.88972	16.1054	1.91027	16.254	-3.21219	-3.94216	6.91291e-310	L
1.84563	16.0746	4.89767	-2.21618	0.366185	1.74362	16.2687	1.75112	16.0557	-3.15656	-3.99261	1.17811	R
1.7001	15.8785	4.89767	-2.19787	0.366185	1.44745	16.0853	1.59474	15.8549	-3.10129	-4.04132	6.91291e-310	L
1.60264	15.6349	4.95263	-2.15054	0.399374	1.6097	15.5526	1.44111	15.6517	-3.04644	-4.08832	1.42711	R
1.46898	15.4272	4.95263	-2.13057	0.399374	1.18395	15.4284	1.29021	15.4463	-2.99207	-4.13364	6.91291e-310	L
1.20471	15.2679	4.99333	-2.15011	0.368539	0.828993	15.528	1.14201	15.2386	-2.93825	-4.1773	1.82538	R
1.0699	15.0586	4.99333	-2.13168	0.368539	0.722706	15.0075	0.996486	15.0288	-2.88503	-4.21933	6.91291e-310	L
0.928214	14.9057	4.91312	-2.13458	0.343264	1.03147	15.2134	0.853604	14.8169	-2.83246	-4.25977	2.24718	R
0.798652	14.6978	4.91312	-2.11742	0.343264	0.737301	14.7047	0.71333	14.603	-2.78061	-4.29864	6.91291e-310	L
0.713595	14.4379	4.97187	-2.07348	0.37275	0.722177	14.2445	0.575628	14.3872	-2.72952	-4.33598	1.56246	R
0.595746	14.2198	4.97187	-2.05484	0.37275	0.253435	14.2029	0.440459	14.1696	-2.67925	-4.37181	6.91291e-310	L
0.370743	13.9666	5.15706	-2.0437	0.382554	-0.0328023	13.9604	0.307779	13.9502	-2.62984	-4.40617	3.59226	R
0.255386	13.7368	5.15706	-2.02457	0.382554	0.459172	13.6856	0.177545	13.7292	-2.58135	-4.43909	6.91291e-310	L
0.134101	13.4965	5.22346	-1.99816	0.397144	0.0524412	13.6377	0.0497099	13.5065	-2.53381	-4.47061	1.08982	R
0.028082	13.2586	5.22346	-1.9783	0.397144	-0.190344	13.2856	-0.0757753	13.2823	-2.48728	-4.50075	6.91291e-310	L
-0.142924	13.0541	5.1857	-1.98774	0.367339	-0.275043	13.1456	-0.198962	13.0566	-2.44179	-4.52955	1.1923	R
-0.245875	12.8169	5.1857	-1.96938	0.367339	0.0462308	12.9301	-0.319903	12.8295	-2.39739	-4.55704	6.91291e-310	L
-0.460686	12.5856	5.18061	-1.99188	0.325913	-0.684792	12.3563	-0.438654	12.6011	-2.35412	-4.58326	2.43533	R
-0.56475	12.3491	5.18061	-1.97558	0.325913	-0.476482	12.3633	-0.555273	12.3714	-2.31202	-4.60823	6.91291e-310	L
-0.766265	12.1624	5.1754	-1.99625	0.293643	-0.972122	12.5207	-0.669818	12.1404	-2.27111	-4.63198	2.40501	R
-0.871446	11.9267	5.1754	-1.98157	0.293643	-0.582624	12.0386	-0.78235	11.9083	-2.23144	-4.65456	6.91291e-310	L
-1.0647	11.6912	5.21444	-1.99375	0.270945	-1.26757	11.6495	-0.892931	11.6751	-2.19304	-4.67598	0.57053	R
-1.17022	11.4534	5.21444	-1.9802	0.270945	-1.17212	11.3988	-1.00163	11.4409	-2.15594	-4.69628	6.91291e-310	L
-1.2058	11.2211	5.09934	-1.96529	0.256461	-0.891441	10.959	-1.1085	11.2057	-2.12017	-4.71549	3.4938	R
-1.30243	10.9857	5.09934	-1.95246	0.256461	-1.39289	11.0424	-1.21362	10.9695	-2.08575	-4.73364	6.91291e-310	L
-1.34471	10.7469	5.11712	-1.91687	0.28266	-1.29894	10.9012	-1.31706	10.7324	-2.05273	-4.75075	1.03482	R
-1.42997	10.5062	5.11712	-1.90273	0.28266	-1.49687	10.4198	-1.41889	10.4945	-2.02111	-4.76686	6.91291e-310	L
-1.52967	10.2278	5.18714	-1.88527	0.290301	-1.59293	10.0212	-1.51917	10.2559	-1.99093	-4.78198	0.925196	R
-1.60828	9.98119	5.18714	-1.87075	0.290301	-1.61875	10.2374	-1.61797	10.0165	-1.96221	-4.79615	6.91291e-310	L
-1.66898	9.7745	5.10098	-1.86283	0.277695	-1.59702	9.96554	-1.71539	9.77637	-1.93498	-4.80939	1.19825	R
-1.7409	9.53035	5.10098	-1.84894	0.277695	-1.73381	9.71347	-1.81147	9.53564	-1.90924	-4.82172	6.91291e-310	L
-1.93651	9.27421	5.2034	-1.86747	0.255546	-2.27191	9.37316	-1.90631	9.29431	-1.88502	-4.83316	2.03992	R
-2.01115	9.02553	5.2034	-1.85469	0.255546	-1.93833	8.77028	-1.99998	9.05243	-1.86233	-4.84374	6.91291e-310	L
-2.06057	8.83305	5.09525	-1.84889	0.240733	-1.96565	9.13274	-2.09256	8.81003	-1.8412	-4.85347	2.19515	R
-2.12921	8.58822	5.09525	-1.83685	0.240733	-2.1768	8.5411	-2.18412	8.56717	-1.82164	-4.86238	6.91291e-310	L
-2.34833	8.31143	5.20002	-1.87053	0.201753	-2.65862	8.19477	-2.27474	8.32388	-1.80365	-4.87047	2.46447	R
-2.42401	8.06318	5.20002	-1.86044	0.201753	-2.21875	8.15339	-2.3645	8.0802	-1.78726	-4.87778	6.91291e-310	L
-2.41218	7.90758	5.05187	-1.83472	0.210612	-2.273	8.52315	-2.45348	7.83617	-1.77248	-4.8843	5.83341	R
-2.47697	7.66387	5.05187	-1.82419	0.210612	-2.59674	7.60288	-2.54177	7.59184	-1.75931	-4.89006	6.91291e-310	L
-2.73968	7.41135	5.10509	-1.88917	0.133483	-3.08256	7.38874	-2.62944	7.34723	-1.74777	-4.89507	5.6625	R
-2.81892	7.16912	5.10509	-1.88249	0.133483	-2.79865	7.064	-2.71658	7.10238	-1.73786	-4.89933	6.91291e-310	L
-2.83475	6.96177	5.05016	-1.85408	0.156188	-2.79412	7.20818	-2.80326	6.85734	-1.72958	-4.90286	1.16598	R
-2.90454	6.71946	5.05016	-1.84627	0.156188	-2.74651	6.86867	-2.88957	6.61214	-1.72295	-4.90566	6.91291e-310	L
-2.9144	6.51475	4.90305	-1.84181	0.133711	-2.57673	6.36755	-2.97559	6.36681	-1.71797	-4.90774	4.8329	R
-2.9794	6.27869	4.90305	-1.83513	0.133711	-2.90217	6.22989	-3.0614	6.12139	-1.71464	-4.90911	6.91291e-310	L
-3.15713	6.01462	5.01587	-1.86014	0.109447	-3.50172	6.10796	-3.14709	5.87592	-1.71297	-4.90976	2.96818	R
-3.22817	5.77441	5.01587	-1.85467	0.109447	-3.1778	5.53101	-3.23274	5.63043	-1.71295	-4.9097	6.91291e-310	L
-3.34608	5.50294	5.03422	-1.87842	0.0684159	-3.19736	5.19093	-3.31843	5.38496	-1.71458	-4.90893	2.8839	R
-3.42201	5.26324	5.03422	-1.875	0.0684159	-3.43031	5.10507	-3.40424	5.13955	-1.71787	-4.90745	6.91291e-310	L
-3.47848	5.01532	5.03629	-1.86219	0.07985	-3.4281	4.94644	-3.49026	4.89422	-1.72281	-4.90525	0.178847	R
-3.55045	4.77426	5.03629	-1.8582	0.07985	-3.69435	4.52196	-3.57657	4.64902	-1.72939	-4.90233	6.91291e-310	L
-3.68162	4.48886	5.08782	-1.88905	0.030215	-3.50501	4.17643	-3.66325	4.40398	-1.73763	-4.89868	3.76679	R
-3.76113	4.24744	5.08782	-1.88754	0.030215	-4.00238	4.04684	-3.75039	4.15913	-1.74749	-4.8943	6.91291e-310	L
-3.86952	4.00271	5.12157	-1.89137	0.029012	-4.06447	4.10977	-3.83806	3.91452	-1.75899	-4.88918	0.74656	R
-3.9501	3.75984	5.12157	-1.88992	0.029012	-3.88053	3.75177	-3.92635	3.67019	-1.77212	-4.8833	6.91291e-310	L
-4.07181	3.57866	5.0645	-1.91872	-0.0143864	-4.23729	3.88878	-4.01533	3.42616	-1.78686	-4.87666	3.45239	R
-4.15826	3.34083	5.0645	-1.91944	-0.0143864	-4.15119	3.21968	-4.10509	3.18248	-1.8032	-4.86925	6.91291e-310	L
-4.29872	3.0469	5.17615	-1.94275	-0.0459907	-4.27467	2.88187	-4.19571	2.93919	-1.82113	-4.86104	2.05401	R
-4.39306	2.80607	5.17615	-1.94505	-0.0459907	-4.32451	2.55034	-4.28727	2.69633	-1.84065	-4.85202	6.91291e-310	L
-4.48133	2.53075	5.21626	-1.9413	-0.0380734	-4.38481	2.39989	-4.37985	2.45393	-1.86173	-4.84218	0.574509	R
-4.57597	2.28788	5.21626	-1.94321	-0.0380734	-4.61223	2.09192	-4.47352	2.21205	-1.88436	-4.83149	6.91291e-310	L
-4.68305	2.03446	5.24634	-1.96999	-0.0864828	-4.29257	1.92854	-4.56836	1.97072	-1.90853	-4.81994	4.47754	R
-4.78547	1.79313	5.24634	-1.97431	-0.0864828	-4.86829	1.53442	-4.66444	1.72998	-1.93422	-4.80751	6.91291e-310	L
-4.92473	1.51078	5.35024	-1.99192	-0.108149	-4.98165	1.43611	-4.76186	1.48989	-1.9614	-4.79417	1.3267	R
-5.03465	1.26706	5.35024	-1.99733	-0.108149	-4.66779	1.28643	-4.86066	1.25049	-1.99007	-4.7799	6.91291e-310	L
-5.12089	1.05562	5.27237	-1.99788	-0.100849	-4.98594	1.10894	-4.96095	1.01182	-2.02019	-4.76468	0.77519	R
-5.23057	0.816074	5.27237	-2.00292	-0.100849	-4.85498	0.825661	-5.06277	0.77393	-2.05174	-4.74848	6.91291e-310	L
-5.29005	0.459605	5.40855	-1.98147	-0.0744123	-4.84736	0.18101	-5.16621	0.536876	-2.08471	-4.73127	6.54964	R
-5.39832	0.211983	5.40855	-1.98519	-0.0744123	-5.1231	0.257311	-5.27133	0.300706	-2.11906	-4.71303	6.91291e-310	L
-5.52225	-0.00881695	5.34213	-1.97943	-0.0463769	-5.99809	-0.290765	-5.3782	0.0654719	-2.15477	-4.69374	5.35796	R
-5.62845	-0.253687	5.34213	-1.98175	-0.0463769	-5.29972	-0.212982	-5.4869	-0.168772	-2.1918	-4.67335	6.91291e-310	L
-5.75122	-0.384597	5.18736	-2.00968	-0.0768206	-5.64447	-0.144522	-5.59748	-0.401971	-2.23014	-4.65185	2.95075	R
-5.86166	-0.619056	5.18736	-2.01352	-0.0768206	-5.85359	-0.445801	-5.71001	-0.634069	-2.26974	-4.62919	6.91291e-310	L
-5.94237	-0.857614	5.22354	-2.02655	-0.104265	-5.30947	-0.724468	-5.82456	-0.865006	-2.31058	-4.60536	6.62294	R
-6.0577	-1.09171	5.22354	-2.03176	-0.104265	-5.87835	-1.26863	-5.94118	-1.09472	-2.35262	-4.58032	6.91291e-310	L
-6.10409	-1.40914	5.29352	-2.00632	-0.0729427	-5.68069	-1.52871	-6.05993	-1.32316	-2.39581	-4.55404	3.8999	R
-6.21594	-1.64876	5.29352	-2.00997	-0.0729427	-6.27263	-1.50938	-6.18087	-1.55025	-2.44014	-4.52648	6.91291e-310	L
-6.3528	-1.8884	5.39187	-2.03675	-0.115791	-6.11355	-1.75966	-6.30406	-1.77593	-2.48555	-4.49762	4.39708	R
-6.47435	-2.12875	5.39187	-2.04254	-0.115791	-6.34007	-2.13685	-6.42954	-2.00014	-2.532	-4.46742	6.91291e-310	L
-6.6521	-2.30023	5.31935	-2.07195	-0.137536	-6.99344	-2.17445	-6.55738	-2.22281	-2.57946	-4.43585	2.58146	R
-6.78039	-2.5329	5.31935	-2.07882	-0.137536	-6.79288	-2.4458	-6.68761	-2.44386	-2.62788	-4.40288	6.91291e-310	L
-6.9502	-2.73544	5.31697	-2.10246	-0.15654	-7.14408	-2.67584	-6.82029	-2.66323	-2.6772	-4.36847	0.808678	R
-7.08555	-2.9639	5.31697	-2.11029	-0.15654	-6.8003	-3.10086	-6.95546	-2.88084	-2.7274	-4.3326	6.91291e-310	L
-7.19973	-3.19578	5.28255	-2.10866	-0.143312	-7.13937	-3.22028	-7.09316	-3.09663	-2.7784	-4.29523	0.367699	R
-7.33551	-3.42195	5.28255	-2.11582	-0.143312	-7.12118	-3.26434	-7.23344	-3.3105	-2.83017	-4.25632	6.91291e-310	L
-7.48023	-3.71328	5.3458	-2.10544	-0.121621	-7.77186	-4.08999	-7.37632	-3.5224	-2.88265	-4.21586	3.05104	R
-7.61676	-3.94266	5.3458	-2.11152	-0.121621	-7.49009	-3.49081	-7.52184	-3.73223	-2.93579	-4.1738	6.91291e-310	L
-7.74723	-4.12956	5.31	-2.12828	-0.134953	-7.52393	-3.88213	-7.67004	-3.93992	-2.98953	-4.13012	1.46528	R
-7.88807	-4.35417	5.31	-2.13503	-0.134953	-7.88049	-4.29783	-7.82094	-4.14538	-3.04381	-4.08479	6.91291e-310	L
-8.03499	-4.57259	5.29842	-2.1431	-0.135338	-8.08524	-4.57834	-7.97457	-4.34854	-3.09857	-4.03778	0.0491618	R
-8.17881	-4.79458	5.29842	-2.14987	-0.135338	-8.22492	-4.79812	-8.13095	-4.5493	-3.15376	-3.98906	6.91291e-310	L
-8.32071	-4.97929	5.18086	-2.15693	-0.127983	-8.453	-4.95621	-8.2901	-4.74759	-3.2093	-3.93862	1.97267	R
-8.46427	-5.1944	5.18086	-2.16333	-0.127983	-8.33552	-5.1059	-8.45204	-4.94331	-3.26514	-3.88641	6.91291e-310	L
-8.62814	-5.28151	5.01738	-2.20007	-0.153586	-8.55062	-4.79248	-8.61678	-5.13637	-3.32121	-3.83242	4.27144	R
-8.77612	-5.48352	5.01738	-2.20775	-0.153586	-8.91477	-5.51752	-8.78433	-5.32669	-3.37745	-3.77663	6.91291e-310	L
-8.94091	-5.67865	5.01923	-2.22001	-0.157793	-9.04115	-5.69364	-8.95469	-5.51417	-3.43377	-3.71901	0.124287	R
-9.09296	-5.87771	5.01923	-2.2279	-0.157793	-9.03391	-5.80267	-9.12788	-5.69872	-3.49012	-3.65955	6.91291e-310	L
-9.22745	-5.9658	4.87656	-2.25567	-0.174763	-8.86897	-5.41973	-9.30388	-5.88026	-3.54643	-3.59823	5.85618	R
-9.38203	-6.15371	4.87656	-2.26441	-0.174763	-9.30811	-5.82368	-9.4827	-6.05868	-3.60261	-3.53503	6.91291e-310	L
-9.57237	-6.33813	4.89769	-2.28122	-0.182216	-9.80646	-6.41174	-9.66432	-6.23389	-3.6586	-3.46994	0.744317	R
-9.73241	-6.52277	4.89769	-2.29033	-0.182216	-9.62547	-6.55958	-9.84874	-6.4058	-3.71431	-3.40295	6.91291e-310	L
-10.0356	-6.6159	4.96065	-2.35438	-0.234763	-10.6688	-6.35543	-10.0359	-6.57431	-3.76969	-3.33404	5.92084	R
-10.2111	-6.79029	4.96065	-2.36612	-0.234763	-10.2246	-6.83402	-10.2259	-6.73933	-3.82463	-3.26321	6.91291e-310	L
-10.3881	-6.93874	4.98236	-2.38486	-0.242696	-10.2205	-6.71044	-10.4186	-6.90075	-3.87907	-3.19046	1.22034	R
-10.5697	-7.10837	4.98236	-2.397	-0.242696	-10.7616	-7.29159	-10.614	-7.05849	-3.93293	-3.11577	6.91291e-310	L
-10.8063	-7.1984	4.99328	-2.43993	-0.271079	-10.8944	-6.83335	-10.8121	-7.21245	-3.98613	-3.03916	1.4722	R
-10.9975	-7.35795	4.99328	-2.45348	-0.271079	-11.2219	-7.56979	-11.0128	-7.36252	-4.03859	-2.96062	6.91291e-310	L
-11.1695	-7.4989	4.96207	-2.46672	-0.271051	-10.986	-7.3707	-11.2161	-7.50862	-4.09021	-2.88015	0.651152	R
-11.3636	-7.65226	4.96207	-2.48027	-0.271051	-11.0934	-7.6776	-11.422	-7.65064	-4.14093	-2.79777	6.91291e-310	L
-11.5603	-7.74823	4.92389	-2.50761	-0.283297	-11.4213	-7.46085	-11.6304	-7.78849	-4.19066	-2.71349	1.14694	R
-11.759	-7.89231	4.92389	-2.52178	-0.283297	-11.5269	-7.8215	-11.8413	-7.92208	-4.23932	-2.6273	6.91291e-310	L
-11.9532	-7.98162	4.80877	-2.54824	-0.293905	-11.9422	-7.88317	-12.0546	-8.05131	-4.28682	-2.53924	1.49904	R
-12.1529	-8.11424	4.80877	-2.56293	-0.293905	-12.09	-8.08828	-12.2702	-8.17609	-4.33309	-2.44932	6.91291e-310	L
-12.3935	-8.23219	4.92623	-2.58623	-0.30017	-12.4462	-8.02117	-12.4881	-8.29633	-4.37802	-2.35756	2.2371	R
-12.603	-8.3601	4.92623	-2.60124	-0.30017	-12.4231	-8.2599	-12.7082	-8.41193	-4.42156	-2.26399	6.91291e-310	L
-12.8105	-8.40725	4.80174	-2.63753	-0.319552	-12.7461	-8.19449	-12.9304	-8.5228	-4.4636	-2.16863	2.02643	R
-13.0209	-8.52114	4.80174	-2.6535	-0.319552	-13.2911	-8.64594	-13.1547	-8.62886	-4.50407	-2.07151	6.91291e-310	L
-13.3194	-8.59343	4.8927	-2.69193	-0.335573	-13.7929	-8.47158	-13.381	-8.73002	-4.54289	-1.97267	2.60349	R
-13.5398	-8.69751	4.8927	-2.70871	-0.335573	-13.384	-8.57583	-13.6092	-8.82619	-4.57997	-1.87214	6.91291e-310	L
-13.7666	-8.66551	4.74296	-2.76632	-0.373369	-13.6376	-8.26344	-13.8392	-8.91729	-4.61524	-1.76997	3.98364	R
-13.9873	-8.74998	4.74296	-2.78499	-0.373369	-13.9959	-8.99264	-14.0709	-9.00324	-4.64861	-1.6662	6.91291e-310	L
-14.2497	-8.8606	4.88108	-2.79394	-0.358839	-14.4737	-8.79552	-14.3043	-9.08395	-4.68001	-1.56086	2.56418	R
-14.4791	-8.94125	4.88108	-2.81188	-0.358839	-14.4273	-9.1875	-14.5391	-9.15936	-4.70936	-1.45402	6.91291e-310	L
-14.6761	-9.06375	4.84114	-2.81535	-0.349719	-14.5757	-9.32634	-14.7754	-9.22939	-4.73658	-1.34573	0.548004	R
-14.9053	-9.13886	4.84114	-2.83284	-0.349719	-15.062	-9.04396	-15.013	-9.29397	-4.76161	-1.23603	6.91291e-310	L
-15.1706	-9.26956	4.88071	-2.8392	-0.340436	-15.6189	-9.69365	-15.2517	-9.35302	-4.78436	-1.125	4.49707	R
-15.4033	-9.33976	4.88071	-2.85622	-0.340436	-15.6682	-9.56749	-15.4916	-9.40649	-4.80476	-1.01269	6.91291e-310	L
-15.6672	-9.34796	4.81411	-2.89898	-0.365546	-15.9382	-9.35751	-15.7324	-9.45431	-4.82275	-0.899159	2.02186	R
-15.9005	-9.40317	4.81411	-2.91726	-0.365546	-16.0862	-9.59819	-15.9741	-9.49642	-4.83827	-0.784484	6.91291e-310	L
-16.2162	-9.31393	4.82173	-2.98503	-0.404714	-16.6033	-8.85459	-16.2164	-9.53277	-4.85124	-0.668734	1.75367	R
-16.4538	-9.34866	4.82173	-3.00526	-0.404714	-16.4229	-9.37029	-16.4594	-9.5633	-4.8616	-0.55198	6.91291e-310	L
-16.6142	-9.38062	4.73251	-3.02176	-0.407213	-16.011	-9.33486	-16.7027	-9.58797	-4.8693	-0.434301	4.18885	R
-16.8485	-9.40605	4.73251	-3.04212	-0.407213	-17.1132	-9.43043	-16.9464	-9.60673	-4.87427	-0.315773	6.91291e-310	L
-17.0128	-9.7044	4.74379	-2.97655	-0.339868	-16.9255	-10.8571	-17.1903	-9.61954	-4.87646	-0.196479	7.69509	R
-17.2463	-9.74083	4.74379	-2.99354	-0.339868	-17.5448	-9.57485	-17.4342	-9.62636	-4.87583	-0.0765024	6.91291e-310	L
-17.5614	-9.66987	4.762	-3.04878	-0.370368	-18.1371	-9.39146	-17.6781	-9.62717	-4.87232	0.0440703	2.96262	R
-17.7977	-9.68922	4.762	-3.0673	-0.370368	-17.9724	-9.42299	-17.9216	-9.62194	-4.86588	0.165151	6.91291e-310	L
-18.0815	-9.57441	4.74541	-3.13101	-0.409006	-18.3083	-9.18778	-18.1648	-9.61064	-4.85648	0.286648	1.37524	R
-18.3178	-9.57402	4.74541	3.13173	-0.409006	-18.2763	-9.60997	-18.4074	-9.59325	-4.84408	0.40847	6.91291e-310	L
-18.5201	-9.60588	4.74565	3.12876	-0.392064	-18.2443	-9.58547	-18.6493	-9.56977	-4.82864	0.530522	1.07178	R
-18.7564	-9.60001	4.74565	3.10916	-0.392064	-18.9545	-9.51544	-18.8904	-9.54017	-4.81012	0.652707	6.91291e-310	L
-18.984	-9.51755	4.76116	3.07559	-0.397825	-18.6983	-9.02886	-19.1305	-9.50447	-4.78851	0.774927	3.14531	R
-19.2204	-9.499	4.76116	3.0557	-0.397825	-19.2983	-9.09865	-19.3694	-9.46265	-4.76378	0.897083	6.91291e-310	L
-19.5037	-9.30789	4.75933	2.97885	-0.446899	-19.7037	-8.79906	-19.6069	-9.41472	-4.73591	1.01907	1.96213	R
-19.7371	-9.26629	4.75933	2.9565	-0.446899	-19.8731	-8.96417	-19.8431	-9.36071	-4.70487	1.1408	6.91291e-310	L
-20.0671	-8.94029	4.86045	2.85856	-0.497141	-20.3815	-7.6755	-20.0775	-9.30061	-4.67066	1.26215	5.22854	R
-20.2986	-8.8692	4.86045	2.8337	-0.497141	-20.1607	-9.59663	-20.3102	-9.23446	-4.63328	1.38303	6.91291e-310	L
-20.4951	-8.97936	4.81954	2.86347	-0.455381	-20.4587	-9.7448	-20.5409	-9.16227	-4.59271	1.50334	2.65557	R
-20.7251	-8.9102	4.81954	2.8407	-0.455381	-20.6596	-8.91527	-20.7696	-9.08409	-4.54895	1.62296	6.91291e-310	L
-21.0201	-8.76029	4.87722	2.79699	-0.470016	-21.5568	-8.5005	-20.9959	-8.99994	-4.50202	1.74179	2.48352	R
-21.2478	-8.67488	4.87722	2.77348	-0.470016	-21.0195	-8.85081	-21.2198	-8.90987	-4.45191	1.85972	6.91291e-310	L
-21.5077	-8.56403	4.89366	2.73959	-0.482116	-21.8628	-8.64129	-21.4412	-8.81393	-4.39865	1.97666	1.72173	R
-21.7309	-8.46528	4.89366	2.71548	-0.482116	-21.5029	-8.87191	-21.6597	-8.71217	-4.34224	2.0925	6.91291e-310	L
-21.9637	-8.13448	4.92309	2.61713	-0.550185	-21.9514	-7.41274	-21.8754	-8.60465	-4.2827	2.20712	4.39257	R
-22.1742	-8.00808	4.92309	2.58962	-0.550185	-21.9793	-8.57089	-22.0881	-8.49143	-4.22007	2.32043	6.91291e-310	L
-22.37	-7.91056	4.92195	2.58553	-0.519259	-22.1914	-7.70392	-22.2975	-8.37258	-4.15437	2.43232	1.55734	R
-22.5765	-7.77775	4.92195	2.55956	-0.519259	-22.5838	-8.35296	-22.5035	-8.24817	-4.08564	2.5427	6.91291e-310	L
-22.7207	-7.78022	4.82469	2.55707	-0.511295	-22.3177	-8.57758	-22.7061	-8.11829	-4.01391	2.65145	1.93106	R
-22.9194	-7.64433	4.82469	2.5315	-0.511295	-22.9861	-7.6724	-22.9049	-7.98301	-3.93923	2.75848	6.91291e-310	L
-23.1023	-7.57005	4.75933	2.49885	-0.539405	-23.2693	-8.32031	-23.1	-7.84243	-3.86163	2.8637	4.27986	R
-23.29	-7.42467	4.75933	2.47188	-0.539405	-23.4777	-7.56583	-23.2911	-7.69663	-3.78118	2.967	6.91291e-310	L
-23.4918	-7.28311	4.78909	2.46573	-0.506191	-23.473	-7.02103	-23.4781	-7.54572	-3.69792	3.06828	1.43867	R
-23.676	-7.1308	4.78909	2.44042	-0.506191	-23.5408	-7.36069	-23.6609	-7.3898	-3.61191	3.16746	6.91291e-310	L
-23.8841	-6.92651	4.83581	2.41387	-0.499349	-24.0505	-6.56968	-23.8393	-7.22897	-3.52321	3.26445	0.450803	R
-24.0619	-6.7633	4.83581	2.3889	-0.499349	-23.9384	-7.26171	-24.0132	-7.06336	-3.43189	3.35916	6.91291e-310	L
-24.2487	-6.48585	4.89255	2.33948	-0.518621	-24.3577	-5.94086	-24.1825	-6.89307	-3.33801	3.45149	0.827219	R
-24.4157	-6.30773	4.89255	2.31355	-0.518621	-24.2574	-6.4352	-24.347	-6.71823	-3.24166	3.54138	6.91291e-310	L
-24.5748	-6.23882	4.82233	2.29189	-0.536433	-24.788	-7.18367	-24.5066	-6.53896	-3.14289	3.62873	4.57645	R
-24.7308	-6.05553	4.82233	2.26507	-0.536433	-24.3008	-6.43799	-24.6612	-6.35538	-3.0418	3.71347	6.91291e-310	L
-24.8491	-5.87402	4.79694	2.22937	-0.549899	-24.6108	-6.00878	-24.8107	-6.16764	-2.93846	3.79553	0.711595	R
-24.9927	-5.6823	4.79694	2.20187	-0.549899	-25.146	-5.91902	-24.955	-5.97587	-2.83295	3.87484	6.91291e-310	L
-25.1144	-5.42188	4.82533	2.16356	-0.553504	-24.8975	-5.02285	-25.094	-5.7802	-2.72537	3.95132	1.31218	R
-25.2458	-5.21993	4.82533	2.13589	-0.553504	-25.1941	-5.64372	-25.2276	-5.58079	-2.61581	4.02492	6.91291e-310	L
-25.3993	-5.10545	4.78682	2.13871	-0.520417	-25.5328	-5.4399	-25.3556	-5.37777	-2.50435	4.09557	1.4107	R
-25.5248	-4.90203	4.78682	2.11268	-0.520417	-25.5713	-5.10241	-25.4779	-5.1713	-2.39109	4.16322	6.91291e-310	L
-25.6022	-4.98529	4.59219	2.135	-0.481893	-25.0178	-6.55904	-25.5946	-4.96152	-2.27613	4.22781	6.91834	R
-25.7221	-4.78979	4.59219	2.11091	-0.481893	-25.6952	-4.89995	-25.7055	-4.7486	-2.15956	4.2893	6.91291e-310	L
-25.8432	-4.571	4.61125	2.08981	-0.473237	-25.8162	-4.40681	-25.8105	-4.53268	-2.04149	4.34764	0.18528	R
-25.9546	-4.36948	4.61125	2.06614	-0.473237	-25.9516	-4.26659	-25.9096	-4.31392	-1.92202	4.40279	6.91291e-310	L
-26.0985	-4.17809	4.60928	2.02367	-0.517851	-26.8953	-4.43966	-26.0027	-4.0925	-1.80125	4.45471	11.0402	R
-26.1961	-3.96962	4.60928	1.99778	-0.517851	-26.1198	-3.67723	-26.0897	-3.86856	-1.67928	4.50337	6.91291e-310	L
-26.2766	-3.7337	4.62026	1.94091	-0.569687	-26.5652	-3.85723	-26.1706	-3.64227	-1.55623	4.54875	3.83886	R
-26.3566	-3.51726	4.62026	1.91242	-0.569687	-25.9974	-3.24722	-26.2453	-3.41381	-1.4322	4.59081	6.91291e-310	L
-26.3932	-3.22075	4.6666	1.85028	-0.612772	-26.2976	-3.01078	-26.3138	-3.18332	-1.30729	4.62954	1.73812	R
-26.4537	-2.99564	4.6666	1.81964	-0.612772	-26.1741	-2.87885	-26.376	-2.95098	-1.18162	4.66493	6.91291e-310	L
-26.4975	-2.85378	4.60815	1.79184	-0.61868	-26.4681	-3.44967	-26.4319	-2.71697	-1.05529	4.69696	0.700074	R
-26.5442	-2.62837	4.60815	1.7609	-0.61868	-26.674	-2.73852	-26.4815	-2.48143	-0.928411	4.72562	6.91291e-310	L
-26.6046	-2.32703	4.65875	1.73573	-0.601388	-26.657	-1.72382	-26.5247	-2.24456	-0.80109	4.75091	0.928096	R
-26.6391	-2.09686	4.65875	1.70566	-0.601388	-26.6691	-2.17333	-26.5616	-2.0065	-0.673434	4.77284	6.91291e-310	L
-26.6548	-1.81018	4.68232	1.68177	-0.579482	-26.3248	-1.32261	-26.5921	-1.76744	-0.545553	4.79141	2.54436	R
-26.6772	-1.57731	4.68232	1.6528	-0.579482	-26.4671	-1.53207	-26.6161	-1.52753	-0.417552	4.80664	6.91291e-310	L
-26.6567	-1.44232	4.61317	1.61195	-0.605766	-26.4998	-2.19526	-26.6338	-1.28695	-0.289538	4.81852	1.73414	R
-26.6625	-1.2119	4.61317	1.58166	-0.605766	-26.5998	-1.14277	-26.6451	-1.04586	-0.161616	4.8271	6.91291e-310	L
-26.7175	-1.08085	4.54943	1.56989	-0.593858	-27.2008	-1.67679	-26.65	-0.804425	-0.0338883	4.83238	3.85606	R
-26.7138	-0.853564	4.54943	1.5402	-0.593858	-26.7355	-0.59539	-26.6485	-0.562811	0.0935412	4.83439	6.91291e-310	L
-26.7123	-0.612238	4.57466	1.50178	-0.612141	-26.9891	0.0351487	-26.6406	-0.321181	0.220572	4.83317	2.39422	R
-26.6929	-0.384483	4.57466	1.47117	-0.612141	-26.4553	0.0602653	-26.6264	-0.0796947	0.347104	4.82874	6.91291e-310	L
-26.6847	-0.147007	4.59307	1.43886	-0.619545	-26.9537	0.136943	-26.6059	0.161489	0.473041	4.82116	2.00342	R
-26.6509	0.0799921	4.59307	1.40789	-0.619545	-26.6201	0.57588	-26.5792	0.402213	0.598287	4.81045	6.91291e-310	L
-26.6518	0.279974	4.55828	1.39746	-0.591189	-26.8241	0.381506	-26.5462	0.642323	0.722748	4.79667	2.10359	R
-26.6092	0.503713	4.55828	1.3679	-0.591189	-26.7293	1.06082	-26.5069	0.881666	0.846334	4.77986	6.91291e-310	L
-26.5555	0.701716	4.50248	1.35991	-0.54756	-25.9562	2.60409	-26.4616	1.12009	0.968955	4.76007	6.04389	R
-26.5054	0.921045	4.50248	1.33253	-0.54756	-26.3986	1.42212	-26.4101	1.35745	1.09053	4.73737	6.91291e-310	L
-26.4923	0.773768	4.22832	1.32425	-0.531043	-26.5072	-0.563928	-26.3526	1.59361	1.21096	4.71181	4.40877	R
-26.4381	0.977967	4.22832	1.2977	-0.531043	-26.3594	1.79315	-26.2891	1.82841	1.33018	4.68345	6.91291e-310	L
-26.3711	1.30799	4.31664	1.27132	-0.527061	-26.3475	1.82827	-26.2197	2.06173	1.44811	4.65235	0.53803	R
-26.3049	1.51324	4.31664	1.24497	-0.527061	-26.2502	2.18481	-26.1444	2.29342	1.56467	4.61859	6.91291e-310	L
-26.2395	1.82273	4.36217	1.23645	-0.493435	-26.069	2.27896	-26.0633	2.52336	1.67979	4.58223	1.73691	R
-26.1656	2.02776	4.36217	1.21178	-0.493435	-26.0641	2.80701	-25.9765	2.75141	1.79339	4.54334	6.91291e-310	L
-26.0799	2.3598	4.47505	1.17597	-0.515717	-26.3234	3.02388	-25.8841	2.97746	1.90543	4.502	2.86211	R
-25.9914	2.56512	4.47505	1.15019	-0.515717	-25.8345	3.42005	-25.7861	3.20139	2.01582	4.45828	6.91291e-310	L
-25.9213	2.92829	4.58158	1.13689	-0.502666	-26.1824	3.73376	-25.6826	3.42306	2.12452	4.41227	2.73697	R
-25.8226	3.13484	4.58158	1.11175	-0.502666	-25.6666	3.63509	-25.5737	3.64239	2.23146	4.36404	6.91291e-310	L
-25.704	3.3034	4.56129	1.08026	-0.509446	-25.5773	3.13316	-25.4596	3.85924	2.3366	4.31367	0.338463	R
-25.5943	3.50313	4.56129	1.05479	-0.509446	-25.7492	3.99968	-25.3402	4.07353	2.43989	4.26125	6.91291e-310	L
-25.4707	3.7103	4.56511	1.03021	-0.505783	-25.3516	3.75691	-25.2157	4.28514	2.54127	4.20686	0.185036	R
-25.3511	3.90448	4.56511	1.00492	-0.505783	-25.0214	4.52803	-25.0863	4.49399	2.64071	4.15058	6.91291e-310	L
-25.1547	4.13798	4.58161	0.979052	-0.489883	-24.2719	4.30917	-24.9518	4.69998	2.73817	4.09251	9.41896	R
-25.0249	4.32653	4.58161	0.954557	-0.489883	-25.0363	4.88499	-24.8126	4.90303	2.83361	4.03273	6.91291e-310	L
-24.8415	4.58535	4.63614	0.928698	-0.485525	-24.3609	4.95947	-24.6686	5.10304	2.92701	3.97132	2.43926	R
-24.7008	4.76931	4.63614	0.904422	-0.485525	-24.5041	5.35293	-24.5201	5.29995	3.01833	3.90839	6.91291e-310	L
-24.5201	4.98749	4.69917	0.864681	-0.51049	-24.4379	5.24592	-24.367	5.49367	3.10754	3.84401	0.974199	R
-24.3658	5.16436	4.69917	0.839157	-0.51049	-24.1159	5.61152	-24.2095	5.68414	3.19464	3.77827	6.91291e-310	L
-24.2299	5.242	4.65303	0.79941	-0.533794	-24.5638	4.75836	-24.0477	5.8713	3.27959	3.71127	1.751	R
-24.0659	5.40672	4.65303	0.77272	-0.533794	-23.9153	5.94377	-23.8818	6.05508	3.36239	3.64309	6.91291e-310	L
-23.9	5.71254	4.67635	0.784191	-0.476575	-23.5491	6.44495	-23.7117	6.23542	3.44302	3.57383	5.08305	R
-23.733	5.87581	4.67635	0.760362	-0.476575	-23.6471	6.29102	-23.5377	6.41227	3.52148	3.50357	6.91291e-310	L
-23.5891	6.12386	4.70355	0.760587	-0.448734	-23.7544	6.53746	-23.3598	6.58559	3.59775	3.4324	1.67574	R
-23.4174	6.28419	4.70355	0.73815	-0.448734	-23.0099	6.86182	-23.1781	6.75533	3.67185	3.36041	6.91291e-310	L
-23.2143	6.33199	4.63586	0.70014	-0.455819	-22.7862	5.74143	-22.9928	6.92146	3.74376	3.28768	4.44713	R
-23.0358	6.47948	4.63586	0.677349	-0.455819	-22.6991	7.063	-22.804	7.08393	3.8135	3.21431	6.91291e-310	L
-22.7963	6.63884	4.69437	0.639136	-0.475521	-22.418	6.76159	-22.6117	7.24273	3.88106	3.14038	1.91233	R
-22.6068	6.77682	4.69437	0.61536	-0.475521	-22.5083	7.31524	-22.4161	7.39782	3.94647	3.06598	6.91291e-310	L
-22.3306	7.04634	4.88235	0.578601	-0.507517	-22.0543	7.85452	-22.2173	7.54917	4.00974	2.99118	4.15016	R
-22.1251	7.17748	4.88235	0.553226	-0.507517	-22.1947	7.69478	-22.0154	7.69679	4.07087	2.91607	6.91291e-310	L
-21.8881	7.61273	5.0334	0.587281	-0.445509	-21.6178	9.0351	-21.8105	7.84064	4.12989	2.84074	7.80849	R
-21.6776	7.75009	5.0334	0.565005	-0.445509	-21.6473	7.94	-21.6026	7.98072	4.18681	2.76526	6.91291e-310	L
-21.5105	7.88469	4.99704	0.556687	-0.428717	-21.8637	7.78661	-21.392	8.11703	4.24166	2.68971	1.4378	R
-21.2976	8.01469	4.99704	0.535251	-0.428717	-21.0853	7.83229	-21.1787	8.24957	4.29447	2.61417	6.91291e-310	L
-21.0303	8.38902	5.12584	0.56797	-0.368409	-20.5503	9.28616	-20.9628	8.37833	4.34526	2.53871	5.16912	R
-20.8136	8.52515	5.12584	0.54955	-0.368409	-21.0519	8.50983	-20.7444	8.50333	4.39406	2.46341	6.91291e-310	L
-20.504	8.74339	5.25073	0.517623	-0.394676	-19.9265	9.40847	-20.5237	8.62457	4.4409	2.38835	3.64125	R
-20.2752	8.87131	5.25073	0.497889	-0.394676	-20.21	8.68914	-20.3006	8.74206	4.48582	2.31358	6.91291e-310	L
-20.0792	9.01827	5.20976	0.504228	-0.357221	-20.2277	8.8532	-20.0753	8.85583	4.52884	2.23919	1.63213	R
-19.8506	9.14236	5.20976	0.486367	-0.357221	-20.0633	8.86724	-19.848	8.96589	4.57001	2.16524	6.91291e-310	L
-19.6754	9.22084	5.12227	0.4843	-0.327733	-19.9264	8.78179	-19.6186	9.07227	4.60937	2.09179	1.86984	R
-19.4483	9.3385	5.12227	0.467914	-0.327733	-19.4861	8.96665	-19.3873	9.17499	4.64694	2.01891	6.91291e-310	L
-19.1271	9.5735	5.26264	0.453529	-0.336848	-18.5719	10.2069	-19.1542	9.27409	4.68278	1.94666	2.68802	R
-18.8901	9.68708	5.26264	0.436687	-0.336848	-18.6786	9.19191	-18.9193	9.36959	4.71692	1.8751	6.91291e-310	L
-18.7383	9.63771	5.12992	0.3978	-0.355197	-19.2825	8.98189	-18.6827	9.46154	4.7494	1.80429	2.67839	R
-18.5015	9.73528	5.12992	0.38004	-0.355197	-18.4242	9.46852	-18.4446	9.54996	4.78028	1.73429	6.91291e-310	L
-18.2697	9.6028	5.06554	0.304318	-0.416429	-18.1634	8.72444	-18.2049	9.63492	4.80959	1.66514	7.88566	R
-18.0278	9.67653	5.06554	0.283497	-0.416429	-17.7736	9.72478	-17.9639	9.71643	4.83737	1.59691	6.91291e-310	L
-17.7358	9.81275	5.08491	0.281185	-0.389461	-17.2296	9.97767	-17.7214	9.79457	4.86368	1.52964	3.0808	R
-17.4913	9.8813	5.08491	0.261712	-0.389461	-17.3436	9.88109	-17.4777	9.86936	4.88856	1.46338	6.91291e-310	L
-17.2241	9.99171	5.1246	0.248148	-0.386806	-17.1554	10.212	-17.2328	9.94087	4.91205	1.39818	0.207002	R
-16.9756	10.0526	5.1246	0.228807	-0.386806	-16.8876	10.145	-16.9868	10.0091	4.93421	1.33408	6.91291e-310	L
-16.7141	10.1179	5.12868	0.212916	-0.381246	-16.5958	10.1078	-16.7396	10.0743	4.95507	1.27113	0.191334	R
-16.4635	10.1701	5.12868	0.193854	-0.381246	-16.5153	10.3091	-16.4915	10.1362	4.97469	1.20937	6.91291e-310	L
-16.1836	10.2882	5.17351	0.188493	-0.370059	-16.09	10.5824	-16.2424	10.1952	4.99311	1.14883	0.439287	R
-15.9296	10.3348	5.17351	0.16999	-0.370059	-16.006	10.1843	-15.9924	10.2511	5.01039	1.08956	6.91291e-310	L
-15.6861	10.4046	5.14425	0.168328	-0.346566	-15.7234	10.41	-15.7416	10.3041	5.02655	1.03159	0.643298	R
-15.4327	10.446	5.14425	0.151	-0.346566	-15.5699	10.1904	-15.4899	10.3543	5.04166	0.974957	6.91291e-310	L
-15.0348	10.5606	5.33366	0.125234	-0.371207	-14.2385	10.9109	-15.2376	10.4016	5.05576	0.919692	6.19171	R
-14.7704	10.592	5.33366	0.106674	-0.371207	-14.9365	10.4722	-14.9846	10.4462	5.06889	0.865828	6.91291e-310	L
-14.5998	10.5039	5.13628	0.0960374	-0.334216	-14.724	9.63507	-14.7309	10.4882	5.0811	0.813394	8.14501	R
-14.3445	10.5269	5.13628	0.0793266	-0.334216	-14.4088	10.222	-14.4766	10.5276	5.09243	0.762418	6.91291e-310	L
-14.068	10.5588	5.14586	0.067904	-0.32678	-13.9005	10.5238	-14.2218	10.5645	5.10293	0.712926	0.387077	R
-13.8117	10.5747	5.14586	0.051565	-0.32678	-13.8049	10.9383	-13.9665	10.5989	5.11263	0.664944	6.91291e-310	L
-13.5337	10.6829	5.12103	0.0767594	-0.274335	-13.3956	10.7857	-13.7107	10.631	5.12159	0.618496	3.08278	R
-13.2788	10.7013	5.12103	0.0630427	-0.274335	-13.3556	10.5517	-13.4545	10.6608	5.12983	0.573603	6.91291e-310	L
-13.0064	10.7398	5.1404	0.0548575	-0.269815	-12.9374	10.8137	-13.1979	10.6884	5.13741	0.530288	0.0561219	R
-12.7502	10.7527	5.1404	0.0413667	-0.269815	-12.9591	11.0099	-12.9409	10.7138	5.14436	0.48857	6.91291e-310	L
-12.4327	10.8913	5.19838	0.066453	-0.231908	-12.2518	11.2495	-12.6836	10.7373	5.15071	0.448467	1.71993	R
-12.1737	10.9076	5.19838	0.0548576	-0.231908	-12.3713	10.6091	-12.426	10.7587	5.15651	0.409997	6.91291e-310	L
-11.913	10.9556	5.18251	0.0632117	-0.205414	-11.9352	10.9161	-12.1681	10.7783	5.16179	0.373177	0.674079	R
-11.6548	10.9711	5.18251	0.052941	-0.205414	-11.9451	11.0515	-11.91	10.7961	5.16658	0.338022	6.91291e-310	L
-11.3359	11.0172	5.23501	0.053101	-0.194453	-10.9703	10.9676	-11.6516	10.8121	5.17092	0.304546	1.42435	R
-11.0749	11.0303	5.23501	0.0433784	-0.194453	-11.4548	10.9407	-11.393	10.8265	5.17484	0.272761	6.91291e-310	L
-10.9396	10.8184	5.1368	-0.0495777	-0.287734	-11.3472	10.5111	-11.1342	10.8394	5.17836	0.242681	8.15115	R
-10.6836	10.8043	5.1368	-0.0639644	-0.287734	-10.6009	10.6823	-10.8753	10.8509	5.18153	0.214317	6.91291e-310	L
-10.461	10.7884	5.095	-0.0745225	-0.281039	-10.6563	10.8369	-10.6161	10.8609	5.18435	0.187679	0.504008	R
-10.2075	10.7681	5.095	-0.0885744	-0.281039	-10.4142	10.8747	-10.3569	10.8697	5.18687	0.162776	6.91291e-310	L
-9.93102	10.8902	5.04247	-0.0408743	-0.204336	-9.90413	11.2255	-10.0976	10.8772	5.1891	0.139618	7.52774	R
-9.67952	10.8791	5.04247	-0.0510911	-0.204336	-9.83445	11.1032	-9.83809	10.8837	5.19106	0.118212	6.91291e-310	L
-9.5805	10.7621	4.85926	-0.0774651	-0.205081	-10.195	10.3498	-9.57852	10.8891	5.19278	0.0985664	3.98652	R
-9.33869	10.7425	4.85926	-0.0877191	-0.205081	-9.3066	11.0348	-9.31887	10.8936	5.19428	0.0806865	6.91291e-310	L
-9.14272	10.6818	4.77489	-0.0964992	-0.191157	-9.2226	10.3527	-9.05915	10.8972	5.19557	0.0645787	1.62227	R
-8.90552	10.6581	4.77489	-0.106057	-0.191157	-8.78899	11.0707	-8.79937	10.9001	5.19667	0.050248	6.91291e-310	L
-8.73885	10.5503	4.66572	-0.127323	-0.188879	-8.83914	10.0319	-8.53953	10.9023	5.19759	0.0376992	2.95898	R
-8.50789	10.52	4.66572	-0.136767	-0.188879	-8.62045	10.6577	-8.27965	10.9039	5.19835	0.0269359	6.91291e-310	L
-8.17894	10.6305	4.7432	-0.097683	-0.141753	-7.91543	11.1157	-8.01974	10.905	5.19896	0.0179617	3.8375	R
-7.94333	10.607	4.7432	-0.104771	-0.141753	-7.51971	11.0005	-7.75979	10.9057	5.19942	0.0107791	6.91291e-310	L
-7.61473	10.6621	4.80897	-0.0734814	-0.0980282	-7.25987	10.6458	-7.49981	10.9061	5.19975	0.00539029	2.53028	R
-7.37531	10.6443	4.80897	-0.0783828	-0.0980282	-7.15631	10.815	-7.23983	10.9063	5.19994	0.00179692	6.91291e-310	L
-7.13507	10.7282	4.78707	-0.0342481	-0.0389356	-7.39396	11.0181	-6.97983	10.9064	5.2	-7.84874e-15	4.35664	R
